400
(
    0.00000000e+00
    3.33811917e-03
    3.94610148e-03
    4.13201005e-03
    4.29934673e-03
    4.44185930e-03
    4.56623116e-03
    4.69060302e-03
    4.81497487e-03
    4.93618090e-03
    5.04020101e-03
    5.14422111e-03
    5.24824121e-03
    5.35226131e-03
    5.43969849e-03
    5.52110553e-03
    5.60251256e-03
    5.68391960e-03
    5.74773869e-03
    5.77261307e-03
    5.79748744e-03
    5.82236181e-03
    5.84723618e-03
    5.93442211e-03
    6.02939698e-03
    6.12437186e-03
    6.21934673e-03
    6.27844221e-03
    6.29653266e-03
    6.31462312e-03
    6.33271357e-03
    6.35170854e-03
    6.39015075e-03
    6.42859296e-03
    6.46703518e-03
    6.50547739e-03
    6.46974874e-03
    6.49482574e-03
    6.55698492e-03
    6.52532663e-03
    6.50814070e-03
    6.54884422e-03
    6.58954774e-03
    6.59447236e-03
    6.59899497e-03
    6.60351759e-03
    6.60804020e-03
    6.59718593e-03
    6.57457286e-03
    6.55195980e-03
    6.52934673e-03
    6.50183417e-03
    6.44530151e-03
    6.38876884e-03
    6.33223618e-03
    6.27570352e-03
    6.23844221e-03
    6.20859296e-03
    6.17874372e-03
    6.14889447e-03
    6.11904523e-03
    6.08919598e-03
    6.05934673e-03
    6.02949749e-03
    5.99964824e-03
    5.96979899e-03
    5.93994975e-03
    5.88658291e-03
    5.82145729e-03
    5.75633166e-03
    5.69120603e-03
    5.62608040e-03
    5.56095477e-03
    5.49582915e-03
    5.43070352e-03
    5.36557789e-03
    5.30045226e-03
    5.23532663e-03
    5.16190955e-03
    5.08321608e-03
    5.00452261e-03
    4.92582915e-03
    4.84713568e-03
    4.76844221e-03
    4.68974874e-03
    4.61105528e-03
    4.53236181e-03
    4.45366834e-03
    4.37497487e-03
    4.29879397e-03
    4.22462312e-03
    4.15045226e-03
    4.07628141e-03
    4.00211055e-03
    3.92793970e-03
    3.85376884e-03
    3.77959799e-03
    3.70542714e-03
    3.63125628e-03
    3.55708543e-03
    3.47567839e-03
    3.38703518e-03
    3.29839196e-03
    3.20974874e-03
    3.12110553e-03
    3.03246231e-03
    2.94381910e-03
    2.85517588e-03
    2.76653266e-03
    2.67788945e-03
    2.58924623e-03
    2.50824121e-03
    2.43678392e-03
    2.36532663e-03
    2.29386935e-03
    2.22241206e-03
    2.15095477e-03
    2.07949749e-03
    2.00804020e-03
    1.93658291e-03
    1.86512563e-03
    1.79366834e-03
    1.72572864e-03
    1.66331658e-03
    1.60090452e-03
    1.53849246e-03
    1.47608040e-03
    1.41366834e-03
    1.35125628e-03
    1.28884422e-03
    1.22643216e-03
    1.16402010e-03
    1.10160804e-03
    1.05612347e-03
    1.04449390e-03
    1.03286432e-03
    1.02123475e-03
    1.00960517e-03
    9.97975592e-04
    9.86346016e-04
    9.74716439e-04
    9.63086863e-04
    9.51457286e-04
    9.39827710e-04
    9.28198134e-04
    9.16568557e-04
    9.04938981e-04
    8.93309404e-04
    8.81679828e-04
    8.70050251e-04
    8.58420675e-04
    8.46791098e-04
    8.35161522e-04
    8.23531945e-04
    8.11902369e-04
    8.00272793e-04
    7.88643216e-04
    7.77013640e-04
    7.65384063e-04
    7.53754487e-04
    7.42124910e-04
    7.30495334e-04
    7.18865757e-04
    7.07236181e-04
    6.97864322e-04
    6.92211055e-04
    6.86557789e-04
    6.80904523e-04
    6.75251256e-04
    6.69597990e-04
    6.63944724e-04
    6.58291457e-04
    6.52638191e-04
    6.46984925e-04
    6.41331658e-04
    6.35678392e-04
    6.30025126e-04
    6.24371859e-04
    6.18718593e-04
    6.13065327e-04
    6.07412060e-04
    6.01758794e-04
    5.96105528e-04
    5.90452261e-04
    5.84798995e-04
    5.79145729e-04
    5.73492462e-04
    5.67839196e-04
    5.62185930e-04
    5.56532663e-04
    5.50879397e-04
    5.45226131e-04
    5.39572864e-04
    5.33919598e-04
    5.28266332e-04
    5.22613065e-04
    5.16959799e-04
    5.11306533e-04
    5.05653266e-04
    5.00000000e-04

    0.00000000e+00
    3.33811917e-03
    3.94610148e-03
    4.13201005e-03
    4.29934673e-03
    4.44185930e-03
    4.56623116e-03
    4.69060302e-03
    4.81497487e-03
    4.93618090e-03
    5.04020101e-03
    5.14422111e-03
    5.24824121e-03
    5.35226131e-03
    5.43969849e-03
    5.52110553e-03
    5.60251256e-03
    5.68391960e-03
    5.74773869e-03
    5.77261307e-03
    5.79748744e-03
    5.82236181e-03
    5.84723618e-03
    5.93442211e-03
    6.02939698e-03
    6.12437186e-03
    6.21934673e-03
    6.27844221e-03
    6.29653266e-03
    6.31462312e-03
    6.33271357e-03
    6.35170854e-03
    6.39015075e-03
    6.42859296e-03
    6.46703518e-03
    6.50547739e-03
    6.46974874e-03
    6.49482574e-03
    6.55698492e-03
    6.52532663e-03
    6.50814070e-03
    6.54884422e-03
    6.58954774e-03
    6.59447236e-03
    6.59899497e-03
    6.60351759e-03
    6.60804020e-03
    6.59718593e-03
    6.57457286e-03
    6.55195980e-03
    6.52934673e-03
    6.50183417e-03
    6.44530151e-03
    6.38876884e-03
    6.33223618e-03
    6.27570352e-03
    6.23844221e-03
    6.20859296e-03
    6.17874372e-03
    6.14889447e-03
    6.11904523e-03
    6.08919598e-03
    6.05934673e-03
    6.02949749e-03
    5.99964824e-03
    5.96979899e-03
    5.93994975e-03
    5.88658291e-03
    5.82145729e-03
    5.75633166e-03
    5.69120603e-03
    5.62608040e-03
    5.56095477e-03
    5.49582915e-03
    5.43070352e-03
    5.36557789e-03
    5.30045226e-03
    5.23532663e-03
    5.16190955e-03
    5.08321608e-03
    5.00452261e-03
    4.92582915e-03
    4.84713568e-03
    4.76844221e-03
    4.68974874e-03
    4.61105528e-03
    4.53236181e-03
    4.45366834e-03
    4.37497487e-03
    4.29879397e-03
    4.22462312e-03
    4.15045226e-03
    4.07628141e-03
    4.00211055e-03
    3.92793970e-03
    3.85376884e-03
    3.77959799e-03
    3.70542714e-03
    3.63125628e-03
    3.55708543e-03
    3.47567839e-03
    3.38703518e-03
    3.29839196e-03
    3.20974874e-03
    3.12110553e-03
    3.03246231e-03
    2.94381910e-03
    2.85517588e-03
    2.76653266e-03
    2.67788945e-03
    2.58924623e-03
    2.50824121e-03
    2.43678392e-03
    2.36532663e-03
    2.29386935e-03
    2.22241206e-03
    2.15095477e-03
    2.07949749e-03
    2.00804020e-03
    1.93658291e-03
    1.86512563e-03
    1.79366834e-03
    1.72572864e-03
    1.66331658e-03
    1.60090452e-03
    1.53849246e-03
    1.47608040e-03
    1.41366834e-03
    1.35125628e-03
    1.28884422e-03
    1.22643216e-03
    1.16402010e-03
    1.10160804e-03
    1.05612347e-03
    1.04449390e-03
    1.03286432e-03
    1.02123475e-03
    1.00960517e-03
    9.97975592e-04
    9.86346016e-04
    9.74716439e-04
    9.63086863e-04
    9.51457286e-04
    9.39827710e-04
    9.28198134e-04
    9.16568557e-04
    9.04938981e-04
    8.93309404e-04
    8.81679828e-04
    8.70050251e-04
    8.58420675e-04
    8.46791098e-04
    8.35161522e-04
    8.23531945e-04
    8.11902369e-04
    8.00272793e-04
    7.88643216e-04
    7.77013640e-04
    7.65384063e-04
    7.53754487e-04
    7.42124910e-04
    7.30495334e-04
    7.18865757e-04
    7.07236181e-04
    6.97864322e-04
    6.92211055e-04
    6.86557789e-04
    6.80904523e-04
    6.75251256e-04
    6.69597990e-04
    6.63944724e-04
    6.58291457e-04
    6.52638191e-04
    6.46984925e-04
    6.41331658e-04
    6.35678392e-04
    6.30025126e-04
    6.24371859e-04
    6.18718593e-04
    6.13065327e-04
    6.07412060e-04
    6.01758794e-04
    5.96105528e-04
    5.90452261e-04
    5.84798995e-04
    5.79145729e-04
    5.73492462e-04
    5.67839196e-04
    5.62185930e-04
    5.56532663e-04
    5.50879397e-04
    5.45226131e-04
    5.39572864e-04
    5.33919598e-04
    5.28266332e-04
    5.22613065e-04
    5.16959799e-04
    5.11306533e-04
    5.05653266e-04
    5.00000000e-04
)
