400
(
    1.56800000e-01
    1.58144281e-01
    1.58937565e-01
    1.58600598e-01
    1.74756319e-01
    1.99581274e-01
    2.24406229e-01
    2.42492117e-01
    2.45642776e-01
    2.48793436e-01
    2.51944095e-01
    2.56668204e-01
    2.61447040e-01
    2.66225877e-01
    2.71004714e-01
    2.75783550e-01
    2.79224331e-01
    2.82594064e-01
    2.85963797e-01
    2.89333530e-01
    2.92703263e-01
    2.96072996e-01
    2.99442730e-01
    3.02812463e-01
    3.05367874e-01
    3.07353261e-01
    3.09338647e-01
    3.11324034e-01
    3.13309420e-01
    3.15294807e-01
    3.17280193e-01
    3.19265579e-01
    3.21041234e-01
    3.22102248e-01
    3.23163261e-01
    3.24224275e-01
    3.25285288e-01
    3.26346302e-01
    3.27407316e-01
    3.28468329e-01
    3.29529343e-01
    3.27521526e-01
    3.25036997e-01
    3.22552468e-01
    3.20067940e-01
    3.17583411e-01
    3.15098882e-01
    3.12614354e-01
    3.10129825e-01
    3.11041839e-01
    3.15293787e-01
    3.19545735e-01
    3.23797682e-01
    3.28049630e-01
    3.32301578e-01
    3.36553526e-01
    3.40805473e-01
    3.44155968e-01
    3.42097747e-01
    3.40039525e-01
    3.37981304e-01
    3.35923082e-01
    3.33864860e-01
    3.31806639e-01
    3.29748417e-01
    3.27690195e-01
    3.26996726e-01
    3.26684799e-01
    3.26372872e-01
    3.26060946e-01
    3.25749019e-01
    3.25437093e-01
    3.25125166e-01
    3.24813240e-01
    3.24501313e-01
    3.24189387e-01
    3.23877460e-01
    3.23565534e-01
    3.23253607e-01
    3.22941681e-01
    3.22629754e-01
    3.22317828e-01
    3.22005901e-01
    3.21693975e-01
    3.21382048e-01
    3.21070122e-01
    3.20758195e-01
    3.20446269e-01
    3.20134342e-01
    3.19822416e-01
    3.19510489e-01
    3.19198563e-01
    3.18886636e-01
    3.18574710e-01
    3.18262783e-01
    3.17950857e-01
    3.17638930e-01
    3.17327004e-01
    3.17015077e-01
    3.15355503e-01
    3.11034322e-01
    3.06713142e-01
    3.02391962e-01
    2.98070782e-01
    2.93749602e-01
    2.89428422e-01
    2.85107242e-01
    2.80786062e-01
    2.76464882e-01
    2.72143702e-01
    2.67822522e-01
    2.63501342e-01
    2.59180162e-01
    2.54858982e-01
    2.50537802e-01
    2.46216622e-01
    2.41895442e-01
    2.37574262e-01
    2.33253082e-01
    2.28931902e-01
    2.24610722e-01
    2.20289542e-01
    2.15968362e-01
    2.11647182e-01
    2.07326002e-01
    2.03004822e-01
    1.98683642e-01
    1.94362462e-01
    1.90041282e-01
    1.85720102e-01
    1.81398922e-01
    1.77077742e-01
    1.72756562e-01
    1.68762530e-01
    1.64808621e-01
    1.60854711e-01
    1.56900802e-01
    1.52946892e-01
    1.48992982e-01
    1.45039073e-01
    1.41085163e-01
    1.37131254e-01
    1.33177344e-01
    1.29223435e-01
    1.25269525e-01
    1.21315616e-01
    1.17361706e-01
    1.13407796e-01
    1.09453887e-01
    1.05499977e-01
    1.01546068e-01
    9.75921583e-02
    9.36382487e-02
    8.96843392e-02
    8.57304296e-02
    8.17765201e-02
    7.78226106e-02
    7.38687010e-02
    6.99147915e-02
    6.59608819e-02
    6.20069724e-02
    5.80530628e-02
    5.40991533e-02
    5.01452437e-02
    4.61913342e-02
    4.22374246e-02
    3.96570873e-02
    3.87872362e-02
    3.79173851e-02
    3.70475339e-02
    3.61776828e-02
    3.53078317e-02
    3.44379805e-02
    3.35681294e-02
    3.26982783e-02
    3.18284271e-02
    3.09585760e-02
    3.00887249e-02
    2.92188737e-02
    2.83490226e-02
    2.74791715e-02
    2.66093204e-02
    2.57394692e-02
    2.48696181e-02
    2.39997670e-02
    2.31299158e-02
    2.22600647e-02
    2.13902136e-02
    2.05203624e-02
    1.96505113e-02
    1.87806602e-02
    1.79108090e-02
    1.70409579e-02
    1.61711068e-02
    1.53012557e-02
    1.44314045e-02
    1.35615534e-02
    1.26917023e-02
    1.18218511e-02
    1.09520000e-02

    1.56800000e-01
    1.58144281e-01
    1.58937565e-01
    1.58600598e-01
    1.74756319e-01
    1.99581274e-01
    2.24406229e-01
    2.42492117e-01
    2.45642776e-01
    2.48793436e-01
    2.51944095e-01
    2.56668204e-01
    2.61447040e-01
    2.66225877e-01
    2.71004714e-01
    2.75783550e-01
    2.79224331e-01
    2.82594064e-01
    2.85963797e-01
    2.89333530e-01
    2.92703263e-01
    2.96072996e-01
    2.99442730e-01
    3.02812463e-01
    3.05367874e-01
    3.07353261e-01
    3.09338647e-01
    3.11324034e-01
    3.13309420e-01
    3.15294807e-01
    3.17280193e-01
    3.19265579e-01
    3.21041234e-01
    3.22102248e-01
    3.23163261e-01
    3.24224275e-01
    3.25285288e-01
    3.26346302e-01
    3.27407316e-01
    3.28468329e-01
    3.29529343e-01
    3.27521526e-01
    3.25036997e-01
    3.22552468e-01
    3.20067940e-01
    3.17583411e-01
    3.15098882e-01
    3.12614354e-01
    3.10129825e-01
    3.11041839e-01
    3.15293787e-01
    3.19545735e-01
    3.23797682e-01
    3.28049630e-01
    3.32301578e-01
    3.36553526e-01
    3.40805473e-01
    3.44155968e-01
    3.42097747e-01
    3.40039525e-01
    3.37981304e-01
    3.35923082e-01
    3.33864860e-01
    3.31806639e-01
    3.29748417e-01
    3.27690195e-01
    3.26996726e-01
    3.26684799e-01
    3.26372872e-01
    3.26060946e-01
    3.25749019e-01
    3.25437093e-01
    3.25125166e-01
    3.24813240e-01
    3.24501313e-01
    3.24189387e-01
    3.23877460e-01
    3.23565534e-01
    3.23253607e-01
    3.22941681e-01
    3.22629754e-01
    3.22317828e-01
    3.22005901e-01
    3.21693975e-01
    3.21382048e-01
    3.21070122e-01
    3.20758195e-01
    3.20446269e-01
    3.20134342e-01
    3.19822416e-01
    3.19510489e-01
    3.19198563e-01
    3.18886636e-01
    3.18574710e-01
    3.18262783e-01
    3.17950857e-01
    3.17638930e-01
    3.17327004e-01
    3.17015077e-01
    3.15355503e-01
    3.11034322e-01
    3.06713142e-01
    3.02391962e-01
    2.98070782e-01
    2.93749602e-01
    2.89428422e-01
    2.85107242e-01
    2.80786062e-01
    2.76464882e-01
    2.72143702e-01
    2.67822522e-01
    2.63501342e-01
    2.59180162e-01
    2.54858982e-01
    2.50537802e-01
    2.46216622e-01
    2.41895442e-01
    2.37574262e-01
    2.33253082e-01
    2.28931902e-01
    2.24610722e-01
    2.20289542e-01
    2.15968362e-01
    2.11647182e-01
    2.07326002e-01
    2.03004822e-01
    1.98683642e-01
    1.94362462e-01
    1.90041282e-01
    1.85720102e-01
    1.81398922e-01
    1.77077742e-01
    1.72756562e-01
    1.68762530e-01
    1.64808621e-01
    1.60854711e-01
    1.56900802e-01
    1.52946892e-01
    1.48992982e-01
    1.45039073e-01
    1.41085163e-01
    1.37131254e-01
    1.33177344e-01
    1.29223435e-01
    1.25269525e-01
    1.21315616e-01
    1.17361706e-01
    1.13407796e-01
    1.09453887e-01
    1.05499977e-01
    1.01546068e-01
    9.75921583e-02
    9.36382487e-02
    8.96843392e-02
    8.57304296e-02
    8.17765201e-02
    7.78226106e-02
    7.38687010e-02
    6.99147915e-02
    6.59608819e-02
    6.20069724e-02
    5.80530628e-02
    5.40991533e-02
    5.01452437e-02
    4.61913342e-02
    4.22374246e-02
    3.96570873e-02
    3.87872362e-02
    3.79173851e-02
    3.70475339e-02
    3.61776828e-02
    3.53078317e-02
    3.44379805e-02
    3.35681294e-02
    3.26982783e-02
    3.18284271e-02
    3.09585760e-02
    3.00887249e-02
    2.92188737e-02
    2.83490226e-02
    2.74791715e-02
    2.66093204e-02
    2.57394692e-02
    2.48696181e-02
    2.39997670e-02
    2.31299158e-02
    2.22600647e-02
    2.13902136e-02
    2.05203624e-02
    1.96505113e-02
    1.87806602e-02
    1.79108090e-02
    1.70409579e-02
    1.61711068e-02
    1.53012557e-02
    1.44314045e-02
    1.35615534e-02
    1.26917023e-02
    1.18218511e-02
    1.09520000e-02

)
