400
(
    (2.19144225	0.90772510	0)
    (2.22569544	0.92191324	0)
    (2.26936383	0.94000128	0)
    (2.33234548	0.96608913	0)
    (2.41995155	1.00237675	0)
    (2.52050121	1.04402578	0)
    (2.62105088	1.08567482	0)
    (2.70150268	1.11899905	0)
    (2.73741327	1.13387370	0)
    (2.77332386	1.14874836	0)
    (2.80923446	1.16362301	0)
    (2.87272990	1.18992369	0)
    (2.93718481	1.21662178	0)
    (3.00163972	1.24331988	0)
    (3.06609464	1.27001798	0)
    (3.13054954	1.29671608	0)
    (3.14334736	1.30201711	0)
    (3.15340233	1.30618201	0)
    (3.16345730	1.31034692	0)
    (3.17351226	1.31451182	0)
    (3.18356723	1.31867672	0)
    (3.19362220	1.32284163	0)
    (3.20367717	1.32700653	0)
    (3.21373213	1.33117143	0)
    (3.22898682	1.33749013	0)
    (3.24788132	1.34531649	0)
    (3.26677581	1.35314285	0)
    (3.28567031	1.36096921	0)
    (3.30456481	1.36879556	0)
    (3.32345931	1.37662192	0)
    (3.34235381	1.38444828	0)
    (3.36124830	1.39227463	0)
    (3.38001745	1.40004907	0)
    (3.39835948	1.40764658	0)
    (3.41670151	1.41524410	0)
    (3.43504353	1.42284162	0)
    (3.45338556	1.43043913	0)
    (3.47172758	1.43803665	0)
    (3.49006961	1.44563416	0)
    (3.50841164	1.45323168	0)
    (3.52675366	1.46082920	0)
    (3.54825173	1.46973399	0)
    (3.57024007	1.47884186	0)
    (3.59222840	1.48794972	0)
    (3.61421673	1.49705759	0)
    (3.63620506	1.50616545	0)
    (3.65819340	1.51527332	0)
    (3.68018173	1.52438118	0)
    (3.70217006	1.53348905	0)
    (3.72343415	1.54229692	0)
    (3.74398606	1.55080980	0)
    (3.76453796	1.55932268	0)
    (3.78508988	1.56783556	0)
    (3.80564178	1.57634844	0)
    (3.82619369	1.58486132	0)
    (3.84674561	1.59337420	0)
    (3.86729751	1.60188708	0)
    (3.88709175	1.61008612	0)
    (3.90233994	1.61640213	0)
    (3.91758812	1.62271813	0)
    (3.93283632	1.62903414	0)
    (3.94808451	1.63535015	0)
    (3.96333270	1.64166616	0)
    (3.97858089	1.64798216	0)
    (3.99382908	1.65429817	0)
    (4.00907727	1.66061418	0)
    (4.02626840	1.66773498	0)
    (4.04400270	1.67508076	0)
    (4.06173701	1.68242656	0)
    (4.07947132	1.68977235	0)
    (4.09720563	1.69711814	0)
    (4.11493993	1.70446393	0)
    (4.13267425	1.71180972	0)
    (4.15040856	1.71915551	0)
    (4.16814287	1.72650131	0)
    (4.18587717	1.73384709	0)
    (4.20361148	1.74119289	0)
    (4.22134579	1.74853868	0)
    (4.23908010	1.75588447	0)
    (4.25681440	1.76323026	0)
    (4.27454872	1.77057605	0)
    (4.29228303	1.77792184	0)
    (4.31001734	1.78526764	0)
    (4.32775164	1.79261342	0)
    (4.34548595	1.79995922	0)
    (4.36322026	1.80730501	0)
    (4.38095457	1.81465080	0)
    (4.39868888	1.82199659	0)
    (4.41642319	1.82934238	0)
    (4.43415750	1.83668817	0)
    (4.45189180	1.84403396	0)
    (4.46962611	1.85137975	0)
    (4.48736042	1.85872555	0)
    (4.50509473	1.86607134	0)
    (4.52282903	1.87341713	0)
    (4.54056335	1.88076292	0)
    (4.55829766	1.88810871	0)
    (4.57603197	1.89545450	0)
    (4.59376627	1.90280029	0)
    (4.61229911	1.91047684	0)
    (4.63240905	1.91880665	0)
    (4.65251897	1.92713646	0)
    (4.67262891	1.93546627	0)
    (4.69273884	1.94379607	0)
    (4.71284877	1.95212588	0)
    (4.73295871	1.96045569	0)
    (4.75306864	1.96878549	0)
    (4.77317857	1.97711530	0)
    (4.79328850	1.98544511	0)
    (4.81339843	1.99377491	0)
    (4.83350837	2.00210472	0)
    (4.85361830	2.01043453	0)
    (4.87372824	2.01876434	0)
    (4.89383817	2.02709414	0)
    (4.91394810	2.03542395	0)
    (4.93405803	2.04375375	0)
    (4.95416796	2.05208356	0)
    (4.97427790	2.06041337	0)
    (4.99438783	2.06874317	0)
    (5.01449777	2.07707298	0)
    (5.03460769	2.08540279	0)
    (5.05471762	2.09373259	0)
    (5.07482756	2.10206240	0)
    (5.09493749	2.11039221	0)
    (5.11504743	2.11872202	0)
    (5.13515736	2.12705182	0)
    (5.15526729	2.13538163	0)
    (5.17537722	2.14371144	0)
    (5.19548715	2.15204124	0)
    (5.21559709	2.16037105	0)
    (5.23570702	2.16870086	0)
    (5.25581696	2.17703066	0)
    (5.27592689	2.18536047	0)
    (5.28813835	2.19041862	0)
    (5.29938112	2.19507553	0)
    (5.31062390	2.19973244	0)
    (5.32186667	2.20438935	0)
    (5.33310946	2.20904627	0)
    (5.34435224	2.21370318	0)
    (5.35559501	2.21836009	0)
    (5.36683780	2.22301700	0)
    (5.37808057	2.22767391	0)
    (5.38932335	2.23233082	0)
    (5.40056612	2.23698773	0)
    (5.41180891	2.24164465	0)
    (5.42305168	2.24630156	0)
    (5.43429446	2.25095847	0)
    (5.44553724	2.25561538	0)
    (5.45678002	2.26027229	0)
    (5.46802280	2.26492920	0)
    (5.47926557	2.26958611	0)
    (5.49050836	2.27424303	0)
    (5.50175113	2.27889993	0)
    (5.51299391	2.28355685	0)
    (5.52423668	2.28821376	0)
    (5.53547947	2.29287067	0)
    (5.54672224	2.29752758	0)
    (5.55796502	2.30218449	0)
    (5.56920781	2.30684140	0)
    (5.58045058	2.31149831	0)
    (5.59169336	2.31615523	0)
    (5.60293613	2.32081214	0)
    (5.61417892	2.32546905	0)
    (5.62542169	2.33012596	0)
    (5.63666447	2.33478287	0)
    (5.64790725	2.33943978	0)
    (5.65513927	2.34243538	0)
    (5.65737678	2.34336219	0)
    (5.65961429	2.34428900	0)
    (5.66185179	2.34521580	0)
    (5.66408930	2.34614261	0)
    (5.66632681	2.34706941	0)
    (5.66856431	2.34799622	0)
    (5.67080182	2.34892302	0)
    (5.67303933	2.34984983	0)
    (5.67527683	2.35077664	0)
    (5.67751434	2.35170344	0)
    (5.67975185	2.35263025	0)
    (5.68198935	2.35355705	0)
    (5.68422685	2.35448385	0)
    (5.68646436	2.35541066	0)
    (5.68870187	2.35633747	0)
    (5.69093937	2.35726427	0)
    (5.69317688	2.35819108	0)
    (5.69541439	2.35911788	0)
    (5.69765189	2.36004469	0)
    (5.69988940	2.36097149	0)
    (5.70212691	2.36189830	0)
    (5.70436441	2.36282511	0)
    (5.70660192	2.36375191	0)
    (5.70883943	2.36467872	0)
    (5.71107694	2.36560552	0)
    (5.71331443	2.36653232	0)
    (5.71555194	2.36745913	0)
    (5.71778945	2.36838594	0)
    (5.72002695	2.36931274	0)
    (5.72226446	2.37023955	0)
    (5.72450197	2.37116635	0)
    (5.72673947	2.37209316	0)
    (5.72897698	2.37301996	0)

    (2.19144225	0.90772510	0)
    (2.22569544	0.92191324	0)
    (2.26936383	0.94000128	0)
    (2.33234548	0.96608913	0)
    (2.41995155	1.00237675	0)
    (2.52050121	1.04402578	0)
    (2.62105088	1.08567482	0)
    (2.70150268	1.11899905	0)
    (2.73741327	1.13387370	0)
    (2.77332386	1.14874836	0)
    (2.80923446	1.16362301	0)
    (2.87272990	1.18992369	0)
    (2.93718481	1.21662178	0)
    (3.00163972	1.24331988	0)
    (3.06609464	1.27001798	0)
    (3.13054954	1.29671608	0)
    (3.14334736	1.30201711	0)
    (3.15340233	1.30618201	0)
    (3.16345730	1.31034692	0)
    (3.17351226	1.31451182	0)
    (3.18356723	1.31867672	0)
    (3.19362220	1.32284163	0)
    (3.20367717	1.32700653	0)
    (3.21373213	1.33117143	0)
    (3.22898682	1.33749013	0)
    (3.24788132	1.34531649	0)
    (3.26677581	1.35314285	0)
    (3.28567031	1.36096921	0)
    (3.30456481	1.36879556	0)
    (3.32345931	1.37662192	0)
    (3.34235381	1.38444828	0)
    (3.36124830	1.39227463	0)
    (3.38001745	1.40004907	0)
    (3.39835948	1.40764658	0)
    (3.41670151	1.41524410	0)
    (3.43504353	1.42284162	0)
    (3.45338556	1.43043913	0)
    (3.47172758	1.43803665	0)
    (3.49006961	1.44563416	0)
    (3.50841164	1.45323168	0)
    (3.52675366	1.46082920	0)
    (3.54825173	1.46973399	0)
    (3.57024007	1.47884186	0)
    (3.59222840	1.48794972	0)
    (3.61421673	1.49705759	0)
    (3.63620506	1.50616545	0)
    (3.65819340	1.51527332	0)
    (3.68018173	1.52438118	0)
    (3.70217006	1.53348905	0)
    (3.72343415	1.54229692	0)
    (3.74398606	1.55080980	0)
    (3.76453796	1.55932268	0)
    (3.78508988	1.56783556	0)
    (3.80564178	1.57634844	0)
    (3.82619369	1.58486132	0)
    (3.84674561	1.59337420	0)
    (3.86729751	1.60188708	0)
    (3.88709175	1.61008612	0)
    (3.90233994	1.61640213	0)
    (3.91758812	1.62271813	0)
    (3.93283632	1.62903414	0)
    (3.94808451	1.63535015	0)
    (3.96333270	1.64166616	0)
    (3.97858089	1.64798216	0)
    (3.99382908	1.65429817	0)
    (4.00907727	1.66061418	0)
    (4.02626840	1.66773498	0)
    (4.04400270	1.67508076	0)
    (4.06173701	1.68242656	0)
    (4.07947132	1.68977235	0)
    (4.09720563	1.69711814	0)
    (4.11493993	1.70446393	0)
    (4.13267425	1.71180972	0)
    (4.15040856	1.71915551	0)
    (4.16814287	1.72650131	0)
    (4.18587717	1.73384709	0)
    (4.20361148	1.74119289	0)
    (4.22134579	1.74853868	0)
    (4.23908010	1.75588447	0)
    (4.25681440	1.76323026	0)
    (4.27454872	1.77057605	0)
    (4.29228303	1.77792184	0)
    (4.31001734	1.78526764	0)
    (4.32775164	1.79261342	0)
    (4.34548595	1.79995922	0)
    (4.36322026	1.80730501	0)
    (4.38095457	1.81465080	0)
    (4.39868888	1.82199659	0)
    (4.41642319	1.82934238	0)
    (4.43415750	1.83668817	0)
    (4.45189180	1.84403396	0)
    (4.46962611	1.85137975	0)
    (4.48736042	1.85872555	0)
    (4.50509473	1.86607134	0)
    (4.52282903	1.87341713	0)
    (4.54056335	1.88076292	0)
    (4.55829766	1.88810871	0)
    (4.57603197	1.89545450	0)
    (4.59376627	1.90280029	0)
    (4.61229911	1.91047684	0)
    (4.63240905	1.91880665	0)
    (4.65251897	1.92713646	0)
    (4.67262891	1.93546627	0)
    (4.69273884	1.94379607	0)
    (4.71284877	1.95212588	0)
    (4.73295871	1.96045569	0)
    (4.75306864	1.96878549	0)
    (4.77317857	1.97711530	0)
    (4.79328850	1.98544511	0)
    (4.81339843	1.99377491	0)
    (4.83350837	2.00210472	0)
    (4.85361830	2.01043453	0)
    (4.87372824	2.01876434	0)
    (4.89383817	2.02709414	0)
    (4.91394810	2.03542395	0)
    (4.93405803	2.04375375	0)
    (4.95416796	2.05208356	0)
    (4.97427790	2.06041337	0)
    (4.99438783	2.06874317	0)
    (5.01449777	2.07707298	0)
    (5.03460769	2.08540279	0)
    (5.05471762	2.09373259	0)
    (5.07482756	2.10206240	0)
    (5.09493749	2.11039221	0)
    (5.11504743	2.11872202	0)
    (5.13515736	2.12705182	0)
    (5.15526729	2.13538163	0)
    (5.17537722	2.14371144	0)
    (5.19548715	2.15204124	0)
    (5.21559709	2.16037105	0)
    (5.23570702	2.16870086	0)
    (5.25581696	2.17703066	0)
    (5.27592689	2.18536047	0)
    (5.28813835	2.19041862	0)
    (5.29938112	2.19507553	0)
    (5.31062390	2.19973244	0)
    (5.32186667	2.20438935	0)
    (5.33310946	2.20904627	0)
    (5.34435224	2.21370318	0)
    (5.35559501	2.21836009	0)
    (5.36683780	2.22301700	0)
    (5.37808057	2.22767391	0)
    (5.38932335	2.23233082	0)
    (5.40056612	2.23698773	0)
    (5.41180891	2.24164465	0)
    (5.42305168	2.24630156	0)
    (5.43429446	2.25095847	0)
    (5.44553724	2.25561538	0)
    (5.45678002	2.26027229	0)
    (5.46802280	2.26492920	0)
    (5.47926557	2.26958611	0)
    (5.49050836	2.27424303	0)
    (5.50175113	2.27889993	0)
    (5.51299391	2.28355685	0)
    (5.52423668	2.28821376	0)
    (5.53547947	2.29287067	0)
    (5.54672224	2.29752758	0)
    (5.55796502	2.30218449	0)
    (5.56920781	2.30684140	0)
    (5.58045058	2.31149831	0)
    (5.59169336	2.31615523	0)
    (5.60293613	2.32081214	0)
    (5.61417892	2.32546905	0)
    (5.62542169	2.33012596	0)
    (5.63666447	2.33478287	0)
    (5.64790725	2.33943978	0)
    (5.65513927	2.34243538	0)
    (5.65737678	2.34336219	0)
    (5.65961429	2.34428900	0)
    (5.66185179	2.34521580	0)
    (5.66408930	2.34614261	0)
    (5.66632681	2.34706941	0)
    (5.66856431	2.34799622	0)
    (5.67080182	2.34892302	0)
    (5.67303933	2.34984983	0)
    (5.67527683	2.35077664	0)
    (5.67751434	2.35170344	0)
    (5.67975185	2.35263025	0)
    (5.68198935	2.35355705	0)
    (5.68422685	2.35448385	0)
    (5.68646436	2.35541066	0)
    (5.68870187	2.35633747	0)
    (5.69093937	2.35726427	0)
    (5.69317688	2.35819108	0)
    (5.69541439	2.35911788	0)
    (5.69765189	2.36004469	0)
    (5.69988940	2.36097149	0)
    (5.70212691	2.36189830	0)
    (5.70436441	2.36282511	0)
    (5.70660192	2.36375191	0)
    (5.70883943	2.36467872	0)
    (5.71107694	2.36560552	0)
    (5.71331443	2.36653232	0)
    (5.71555194	2.36745913	0)
    (5.71778945	2.36838594	0)
    (5.72002695	2.36931274	0)
    (5.72226446	2.37023955	0)
    (5.72450197	2.37116635	0)
    (5.72673947	2.37209316	0)
    (5.72897698	2.37301996	0)
)
