400
(
    1.945278e-01
    2.349735e-01
    2.754192e-01
    3.158648e-01
    3.563105e-01
    3.741435e-01
    3.836835e-01
    3.932235e-01
    4.027635e-01
    4.064218e-01
    4.085323e-01
    4.106428e-01
    4.127533e-01
    4.148638e-01
    4.169743e-01
    4.190848e-01
    4.211953e-01
    4.233058e-01
    4.254163e-01
    4.275268e-01
    4.296373e-01
    4.317478e-01
    4.338583e-01
    4.359688e-01
    4.380793e-01
    4.400121e-01
    4.416487e-01
    4.432852e-01
    4.449218e-01
    4.465583e-01
    4.481949e-01
    4.498315e-01
    4.514680e-01
    4.531046e-01
    4.547412e-01
    4.563777e-01
    4.580143e-01
    4.596508e-01
    4.612874e-01
    4.629240e-01
    4.645605e-01
    4.661971e-01
    4.633809e-01
    4.603711e-01
    4.573613e-01
    4.543515e-01
    4.513417e-01
    4.483319e-01
    4.453221e-01
    4.423123e-01
    4.429461e-01
    4.447945e-01
    4.466429e-01
    4.484913e-01
    4.503396e-01
    4.521880e-01
    4.540364e-01
    4.558848e-01
    4.542217e-01
    4.495872e-01
    4.449528e-01
    4.403184e-01
    4.356840e-01
    4.373236e-01
    4.428634e-01
    4.484031e-01
    4.499849e-01
    4.436506e-01
    4.373163e-01
    4.310152e-01
    4.253435e-01
    4.196718e-01
    4.140001e-01
    4.083284e-01
    4.037858e-01
    4.071466e-01
    4.105074e-01
    4.138683e-01
    4.172291e-01
    4.205899e-01
    4.239507e-01
    4.273116e-01
    4.306724e-01
    4.294733e-01
    4.278597e-01
    4.262461e-01
    4.246324e-01
    4.230188e-01
    4.214052e-01
    4.197916e-01
    4.181780e-01
    4.165644e-01
    4.149507e-01
    4.133371e-01
    4.117235e-01
    4.101099e-01
    4.084963e-01
    4.068826e-01
    4.052690e-01
    4.037003e-01
    4.021766e-01
    4.006528e-01
    3.991290e-01
    3.976053e-01
    3.960815e-01
    3.945577e-01
    3.930340e-01
    3.915102e-01
    3.899864e-01
    3.884627e-01
    3.869389e-01
    3.854151e-01
    3.838914e-01
    3.823676e-01
    3.808438e-01
    3.791690e-01
    3.758320e-01
    3.724950e-01
    3.691580e-01
    3.658210e-01
    3.624840e-01
    3.591470e-01
    3.558100e-01
    3.524731e-01
    3.491361e-01
    3.457991e-01
    3.424621e-01
    3.391251e-01
    3.357881e-01
    3.324511e-01
    3.291141e-01
    3.257772e-01
    3.232018e-01
    3.210073e-01
    3.188128e-01
    3.166182e-01
    3.144237e-01
    3.122292e-01
    3.100347e-01
    3.078401e-01
    3.056456e-01
    3.034511e-01
    3.012566e-01
    2.990620e-01
    2.968675e-01
    2.946730e-01
    2.924785e-01
    2.902839e-01
    2.880894e-01
    2.858949e-01
    2.837004e-01
    2.815058e-01
    2.793113e-01
    2.771168e-01
    2.749223e-01
    2.727277e-01
    2.705332e-01
    2.683387e-01
    2.661442e-01
    2.639497e-01
    2.617551e-01
    2.595606e-01
    2.573661e-01
    2.551716e-01
    2.529770e-01
    2.517725e-01
    2.507660e-01
    2.497595e-01
    2.487530e-01
    2.477465e-01
    2.467399e-01
    2.457334e-01
    2.447269e-01
    2.437204e-01
    2.427139e-01
    2.417074e-01
    2.407008e-01
    2.396943e-01
    2.386878e-01
    2.376813e-01
    2.366748e-01
    2.356683e-01
    2.346618e-01
    2.336552e-01
    2.326487e-01
    2.316422e-01
    2.306357e-01
    2.296292e-01
    2.286227e-01
    2.276161e-01
    2.266096e-01
    2.256031e-01
    2.245966e-01
    2.235901e-01
    2.225836e-01
    2.215771e-01
    2.205705e-01
    2.195640e-01
    2.190000e-01
    2.190000e-01

    1.945278e-01
    2.349735e-01
    2.754192e-01
    3.158648e-01
    3.563105e-01
    3.741435e-01
    3.836835e-01
    3.932235e-01
    4.027635e-01
    4.064218e-01
    4.085323e-01
    4.106428e-01
    4.127533e-01
    4.148638e-01
    4.169743e-01
    4.190848e-01
    4.211953e-01
    4.233058e-01
    4.254163e-01
    4.275268e-01
    4.296373e-01
    4.317478e-01
    4.338583e-01
    4.359688e-01
    4.380793e-01
    4.400121e-01
    4.416487e-01
    4.432852e-01
    4.449218e-01
    4.465583e-01
    4.481949e-01
    4.498315e-01
    4.514680e-01
    4.531046e-01
    4.547412e-01
    4.563777e-01
    4.580143e-01
    4.596508e-01
    4.612874e-01
    4.629240e-01
    4.645605e-01
    4.661971e-01
    4.633809e-01
    4.603711e-01
    4.573613e-01
    4.543515e-01
    4.513417e-01
    4.483319e-01
    4.453221e-01
    4.423123e-01
    4.429461e-01
    4.447945e-01
    4.466429e-01
    4.484913e-01
    4.503396e-01
    4.521880e-01
    4.540364e-01
    4.558848e-01
    4.542217e-01
    4.495872e-01
    4.449528e-01
    4.403184e-01
    4.356840e-01
    4.373236e-01
    4.428634e-01
    4.484031e-01
    4.499849e-01
    4.436506e-01
    4.373163e-01
    4.310152e-01
    4.253435e-01
    4.196718e-01
    4.140001e-01
    4.083284e-01
    4.037858e-01
    4.071466e-01
    4.105074e-01
    4.138683e-01
    4.172291e-01
    4.205899e-01
    4.239507e-01
    4.273116e-01
    4.306724e-01
    4.294733e-01
    4.278597e-01
    4.262461e-01
    4.246324e-01
    4.230188e-01
    4.214052e-01
    4.197916e-01
    4.181780e-01
    4.165644e-01
    4.149507e-01
    4.133371e-01
    4.117235e-01
    4.101099e-01
    4.084963e-01
    4.068826e-01
    4.052690e-01
    4.037003e-01
    4.021766e-01
    4.006528e-01
    3.991290e-01
    3.976053e-01
    3.960815e-01
    3.945577e-01
    3.930340e-01
    3.915102e-01
    3.899864e-01
    3.884627e-01
    3.869389e-01
    3.854151e-01
    3.838914e-01
    3.823676e-01
    3.808438e-01
    3.791690e-01
    3.758320e-01
    3.724950e-01
    3.691580e-01
    3.658210e-01
    3.624840e-01
    3.591470e-01
    3.558100e-01
    3.524731e-01
    3.491361e-01
    3.457991e-01
    3.424621e-01
    3.391251e-01
    3.357881e-01
    3.324511e-01
    3.291141e-01
    3.257772e-01
    3.232018e-01
    3.210073e-01
    3.188128e-01
    3.166182e-01
    3.144237e-01
    3.122292e-01
    3.100347e-01
    3.078401e-01
    3.056456e-01
    3.034511e-01
    3.012566e-01
    2.990620e-01
    2.968675e-01
    2.946730e-01
    2.924785e-01
    2.902839e-01
    2.880894e-01
    2.858949e-01
    2.837004e-01
    2.815058e-01
    2.793113e-01
    2.771168e-01
    2.749223e-01
    2.727277e-01
    2.705332e-01
    2.683387e-01
    2.661442e-01
    2.639497e-01
    2.617551e-01
    2.595606e-01
    2.573661e-01
    2.551716e-01
    2.529770e-01
    2.517725e-01
    2.507660e-01
    2.497595e-01
    2.487530e-01
    2.477465e-01
    2.467399e-01
    2.457334e-01
    2.447269e-01
    2.437204e-01
    2.427139e-01
    2.417074e-01
    2.407008e-01
    2.396943e-01
    2.386878e-01
    2.376813e-01
    2.366748e-01
    2.356683e-01
    2.346618e-01
    2.336552e-01
    2.326487e-01
    2.316422e-01
    2.306357e-01
    2.296292e-01
    2.286227e-01
    2.276161e-01
    2.266096e-01
    2.256031e-01
    2.245966e-01
    2.235901e-01
    2.225836e-01
    2.215771e-01
    2.205705e-01
    2.195640e-01
    2.190000e-01
    2.190000e-01
)
