400
(
    0.1379717101
    0.1490072630
    0.1600428158
    0.1710783686
    0.1821139214
    0.1931494742
    0.2041850270
    0.2152205798
    0.2262561326
    0.2372916854
    0.2483272382
    0.2543089503
    0.2591261976
    0.2639434448
    0.2687606921
    0.2735779394
    0.2783951867
    0.2832124339
    0.2880296812
    0.2928469285
    0.2976641758
    0.3024814231
    0.3054014279
    0.3074997798
    0.3095981318
    0.3116964837
    0.3137948357
    0.3158931876
    0.3179915396
    0.3200898915
    0.3221882434
    0.3242865954
    0.3260452753
    0.3277828770
    0.3295204786
    0.3312580803
    0.3329956819
    0.3347332836
    0.3364708852
    0.3382084869
    0.3399460885
    0.3390276092
    0.3377414013
    0.3364551935
    0.3351689857
    0.3338827778
    0.3325965700
    0.3313103621
    0.3300241543
    0.3287379465
    0.3274588877
    0.3262582475
    0.3250576074
    0.3238569672
    0.3226563270
    0.3214556868
    0.3202550467
    0.3190544065
    0.3178537663
    0.3166531262
    0.3154524860
    0.3139172868
    0.3121497388
    0.3103821908
    0.3086146427
    0.3068470947
    0.3050795466
    0.3033119986
    0.3015444506
    0.2997769025
    0.2980093545
    0.2962418065
    0.2944742584
    0.2927067104
    0.2909391624
    0.2891716143
    0.2874040663
    0.2856365183
    0.2838689702
    0.2821014222
    0.2803338741
    0.2787030647
    0.2770737153
    0.2754443659
    0.2738150165
    0.2721856671
    0.2705563177
    0.2689269683
    0.2672976189
    0.2656682695
    0.2640389201
    0.2624095707
    0.2607802213
    0.2591508719
    0.2575215225
    0.2558921731
    0.2542628238
    0.2526334744
    0.2510041250
    0.2493747756
    0.2477454262
    0.2466314737
    0.2457467766
    0.2448620795
    0.2439773824
    0.2430926853
    0.2422079881
    0.2413232910
    0.2404385939
    0.2395538968
    0.2386691997
    0.2377845026
    0.2368998055
    0.2360151084
    0.2351304113
    0.2342457141
    0.2333610170
    0.2324763199
    0.2315916228
    0.2307069257
    0.2298222286
    0.2289375315
    0.2280528344
    0.2271681372
    0.2262834401
    0.2253987430
    0.2245140459
    0.2236293488
    0.2227446517
    0.2218599546
    0.2209752575
    0.2200905604
    0.2192058632
    0.2183211661
    0.2174364690
    0.2165517719
    0.2156670748
    0.2147823777
    0.2138976806
    0.2130129835
    0.2121282863
    0.2112435892
    0.2103588921
    0.2094741950
    0.2085894979
    0.2077048008
    0.2068201037
    0.2059354066
    0.2050507095
    0.2041660123
    0.2032813152
    0.2023966181
    0.2015119210
    0.2006272239
    0.1997425268
    0.1988578297
    0.1979731326
    0.1970884354
    0.1962037383
    0.1953190412
    0.1935569027
    0.1917492349
    0.1899415671
    0.1881338993
    0.1863262315
    0.1845185638
    0.1827108960
    0.1809032282
    0.1790955604
    0.1772878926
    0.1754802249
    0.1736725571
    0.1718648893
    0.1700572215
    0.1682495537
    0.1664418860
    0.1646342182
    0.1628265504
    0.1610188826
    0.1592112148
    0.1574035471
    0.1555958793
    0.1537882115
    0.1519805437
    0.1501728759
    0.1483652082
    0.1465575404
    0.1447498726
    0.1429422048
    0.1411345370
    0.1393268692
    0.1375192015
    0.1357115337
    0.1339038659
    0.1320961981
    0.1302885303
    0.1284808626
    0.1266731948
    0.1260000000
    0.1250000000

    0.1379717101
    0.1490072630
    0.1600428158
    0.1710783686
    0.1821139214
    0.1931494742
    0.2041850270
    0.2152205798
    0.2262561326
    0.2372916854
    0.2483272382
    0.2543089503
    0.2591261976
    0.2639434448
    0.2687606921
    0.2735779394
    0.2783951867
    0.2832124339
    0.2880296812
    0.2928469285
    0.2976641758
    0.3024814231
    0.3054014279
    0.3074997798
    0.3095981318
    0.3116964837
    0.3137948357
    0.3158931876
    0.3179915396
    0.3200898915
    0.3221882434
    0.3242865954
    0.3260452753
    0.3277828770
    0.3295204786
    0.3312580803
    0.3329956819
    0.3347332836
    0.3364708852
    0.3382084869
    0.3399460885
    0.3390276092
    0.3377414013
    0.3364551935
    0.3351689857
    0.3338827778
    0.3325965700
    0.3313103621
    0.3300241543
    0.3287379465
    0.3274588877
    0.3262582475
    0.3250576074
    0.3238569672
    0.3226563270
    0.3214556868
    0.3202550467
    0.3190544065
    0.3178537663
    0.3166531262
    0.3154524860
    0.3139172868
    0.3121497388
    0.3103821908
    0.3086146427
    0.3068470947
    0.3050795466
    0.3033119986
    0.3015444506
    0.2997769025
    0.2980093545
    0.2962418065
    0.2944742584
    0.2927067104
    0.2909391624
    0.2891716143
    0.2874040663
    0.2856365183
    0.2838689702
    0.2821014222
    0.2803338741
    0.2787030647
    0.2770737153
    0.2754443659
    0.2738150165
    0.2721856671
    0.2705563177
    0.2689269683
    0.2672976189
    0.2656682695
    0.2640389201
    0.2624095707
    0.2607802213
    0.2591508719
    0.2575215225
    0.2558921731
    0.2542628238
    0.2526334744
    0.2510041250
    0.2493747756
    0.2477454262
    0.2466314737
    0.2457467766
    0.2448620795
    0.2439773824
    0.2430926853
    0.2422079881
    0.2413232910
    0.2404385939
    0.2395538968
    0.2386691997
    0.2377845026
    0.2368998055
    0.2360151084
    0.2351304113
    0.2342457141
    0.2333610170
    0.2324763199
    0.2315916228
    0.2307069257
    0.2298222286
    0.2289375315
    0.2280528344
    0.2271681372
    0.2262834401
    0.2253987430
    0.2245140459
    0.2236293488
    0.2227446517
    0.2218599546
    0.2209752575
    0.2200905604
    0.2192058632
    0.2183211661
    0.2174364690
    0.2165517719
    0.2156670748
    0.2147823777
    0.2138976806
    0.2130129835
    0.2121282863
    0.2112435892
    0.2103588921
    0.2094741950
    0.2085894979
    0.2077048008
    0.2068201037
    0.2059354066
    0.2050507095
    0.2041660123
    0.2032813152
    0.2023966181
    0.2015119210
    0.2006272239
    0.1997425268
    0.1988578297
    0.1979731326
    0.1970884354
    0.1962037383
    0.1953190412
    0.1935569027
    0.1917492349
    0.1899415671
    0.1881338993
    0.1863262315
    0.1845185638
    0.1827108960
    0.1809032282
    0.1790955604
    0.1772878926
    0.1754802249
    0.1736725571
    0.1718648893
    0.1700572215
    0.1682495537
    0.1664418860
    0.1646342182
    0.1628265504
    0.1610188826
    0.1592112148
    0.1574035471
    0.1555958793
    0.1537882115
    0.1519805437
    0.1501728759
    0.1483652082
    0.1465575404
    0.1447498726
    0.1429422048
    0.1411345370
    0.1393268692
    0.1375192015
    0.1357115337
    0.1339038659
    0.1320961981
    0.1302885303
    0.1284808626
    0.1266731948
    0.1260000000
    0.1250000000
)
