400
(
	(3.906363e-01 -2.927858e-02 1.550307e-01 4.638128e-01 1.040700e-03 2.391004e-01)
	(4.078308e-01 -1.998089e-02 1.383372e-01 4.995444e-01 -1.163797e-02 2.704761e-01)
	(4.250252e-01 -1.068319e-02 1.216436e-01 5.352760e-01 -2.431664e-02 3.018518e-01)
	(4.422196e-01 -1.385497e-03 1.049500e-01 5.710077e-01 -3.699531e-02 3.332275e-01)
	(4.594140e-01 7.912198e-03 8.825640e-02 6.067393e-01 -4.967398e-02 3.646032e-01)
	(4.769739e-01 7.624112e-03 9.972105e-02 6.123554e-01 -7.029571e-02 3.804689e-01)
	(4.946677e-01 3.820510e-03 1.215125e-01 6.069269e-01 -9.383049e-02 3.906463e-01)
	(5.123616e-01 1.690851e-05 1.433040e-01 6.014984e-01 -1.173653e-01 4.008238e-01)
	(5.300555e-01 -3.786693e-03 1.650955e-01 5.960699e-01 -1.409001e-01 4.110013e-01)
	(5.412292e-01 -3.861444e-03 1.717482e-01 5.910482e-01 -1.441671e-01 4.112174e-01)
	(5.506871e-01 -2.954919e-03 1.744170e-01 5.861335e-01 -1.421004e-01 4.088121e-01)
	(5.601450e-01 -2.048394e-03 1.770859e-01 5.812188e-01 -1.400338e-01 4.064069e-01)
	(5.696029e-01 -1.141869e-03 1.797548e-01 5.763042e-01 -1.379672e-01 4.040016e-01)
	(5.790609e-01 -2.353440e-04 1.824236e-01 5.713895e-01 -1.359006e-01 4.015964e-01)
	(5.885188e-01 6.711811e-04 1.850925e-01 5.664749e-01 -1.338339e-01 3.991911e-01)
	(5.979767e-01 1.577706e-03 1.877613e-01 5.615602e-01 -1.317673e-01 3.967859e-01)
	(6.074346e-01 2.484231e-03 1.904302e-01 5.566456e-01 -1.297007e-01 3.943806e-01)
	(6.168925e-01 3.390756e-03 1.930991e-01 5.517309e-01 -1.276341e-01 3.919754e-01)
	(6.263504e-01 4.297281e-03 1.957679e-01 5.468163e-01 -1.255674e-01 3.895701e-01)
	(6.358083e-01 5.203806e-03 1.984368e-01 5.419016e-01 -1.235008e-01 3.871649e-01)
	(6.452662e-01 6.110332e-03 2.011057e-01 5.369869e-01 -1.214342e-01 3.847596e-01)
	(6.547242e-01 7.016857e-03 2.037745e-01 5.320723e-01 -1.193676e-01 3.823544e-01)
	(6.641821e-01 7.923382e-03 2.064434e-01 5.271576e-01 -1.173010e-01 3.799491e-01)
	(6.736400e-01 8.829907e-03 2.091122e-01 5.222430e-01 -1.152343e-01 3.775439e-01)
	(6.830979e-01 9.736432e-03 2.117811e-01 5.173283e-01 -1.131677e-01 3.751386e-01)
	(6.896539e-01 1.007955e-02 2.134634e-01 5.140422e-01 -1.121185e-01 3.743287e-01)
	(6.913733e-01 9.483650e-03 2.135014e-01 5.134704e-01 -1.127652e-01 3.761779e-01)
	(6.930928e-01 8.887752e-03 2.135395e-01 5.128985e-01 -1.134118e-01 3.780270e-01)
	(6.948122e-01 8.291854e-03 2.135775e-01 5.123267e-01 -1.140584e-01 3.798762e-01)
	(6.965316e-01 7.695956e-03 2.136155e-01 5.117549e-01 -1.147050e-01 3.817253e-01)
	(6.982511e-01 7.100058e-03 2.136536e-01 5.111830e-01 -1.153516e-01 3.835744e-01)
	(6.999705e-01 6.504160e-03 2.136916e-01 5.106112e-01 -1.159982e-01 3.854236e-01)
	(7.016900e-01 5.908262e-03 2.137296e-01 5.100394e-01 -1.166448e-01 3.872727e-01)
	(7.034094e-01 5.312364e-03 2.137677e-01 5.094675e-01 -1.172914e-01 3.891218e-01)
	(7.051288e-01 4.716466e-03 2.138057e-01 5.088957e-01 -1.179381e-01 3.909710e-01)
	(7.068483e-01 4.120568e-03 2.138438e-01 5.083238e-01 -1.185847e-01 3.928201e-01)
	(7.085677e-01 3.524669e-03 2.138818e-01 5.077520e-01 -1.192313e-01 3.946692e-01)
	(7.102872e-01 2.928771e-03 2.139198e-01 5.071802e-01 -1.198779e-01 3.965184e-01)
	(7.120066e-01 2.332873e-03 2.139579e-01 5.066083e-01 -1.205245e-01 3.983675e-01)
	(7.137261e-01 1.736975e-03 2.139959e-01 5.060365e-01 -1.211711e-01 4.002167e-01)
	(7.154455e-01 1.141077e-03 2.140339e-01 5.054647e-01 -1.218177e-01 4.020658e-01)
	(7.171649e-01 5.451791e-04 2.140720e-01 5.048928e-01 -1.224643e-01 4.039149e-01)
	(7.133986e-01 -2.572742e-04 2.114126e-01 5.041120e-01 -1.234390e-01 4.044477e-01)
	(7.093938e-01 -1.068708e-03 2.086360e-01 5.033220e-01 -1.244279e-01 4.049233e-01)
	(7.053890e-01 -1.880142e-03 2.058594e-01 5.025320e-01 -1.254169e-01 4.053988e-01)
	(7.013841e-01 -2.691576e-03 2.030827e-01 5.017421e-01 -1.264058e-01 4.058744e-01)
	(6.973793e-01 -3.503010e-03 2.003061e-01 5.009521e-01 -1.273948e-01 4.063499e-01)
	(6.933745e-01 -4.314444e-03 1.975295e-01 5.001622e-01 -1.283837e-01 4.068255e-01)
	(6.893697e-01 -5.125878e-03 1.947528e-01 4.993722e-01 -1.293726e-01 4.073010e-01)
	(6.853648e-01 -5.937312e-03 1.919762e-01 4.985822e-01 -1.303616e-01 4.077766e-01)
	(6.861941e-01 -6.282806e-03 1.919667e-01 4.977481e-01 -1.312649e-01 4.089359e-01)
	(6.886347e-01 -6.472987e-03 1.928796e-01 4.968991e-01 -1.321398e-01 4.103233e-01)
	(6.910754e-01 -6.663168e-03 1.937924e-01 4.960502e-01 -1.330146e-01 4.117106e-01)
	(6.935160e-01 -6.853349e-03 1.947053e-01 4.952013e-01 -1.338894e-01 4.130980e-01)
	(6.959566e-01 -7.043530e-03 1.956182e-01 4.943524e-01 -1.347642e-01 4.144853e-01)
	(6.983972e-01 -7.233711e-03 1.965310e-01 4.935035e-01 -1.356391e-01 4.158727e-01)
	(7.008379e-01 -7.423893e-03 1.974439e-01 4.926546e-01 -1.365139e-01 4.172600e-01)
	(7.032785e-01 -7.614074e-03 1.983568e-01 4.918057e-01 -1.373887e-01 4.186474e-01)
	(7.023676e-01 -6.968694e-03 1.967721e-01 4.897206e-01 -1.377668e-01 4.186126e-01)
	(6.986209e-01 -5.616303e-03 1.930742e-01 4.865896e-01 -1.377245e-01 4.173746e-01)
	(6.948741e-01 -4.263911e-03 1.893762e-01 4.834586e-01 -1.376823e-01 4.161366e-01)
	(6.911274e-01 -2.911519e-03 1.856783e-01 4.803275e-01 -1.376400e-01 4.148986e-01)
	(6.873806e-01 -1.559127e-03 1.819803e-01 4.771965e-01 -1.375977e-01 4.136606e-01)
	(6.882953e-01 -4.813142e-03 1.832797e-01 4.787895e-01 -1.375034e-01 4.142403e-01)
	(6.921075e-01 -1.093060e-02 1.876855e-01 4.833190e-01 -1.373766e-01 4.159500e-01)
	(6.959198e-01 -1.704806e-02 1.920914e-01 4.878485e-01 -1.372498e-01 4.176596e-01)
	(6.967975e-01 -1.738615e-02 1.929472e-01 4.892470e-01 -1.374083e-01 4.183670e-01)
	(6.918062e-01 -6.165532e-03 1.867029e-01 4.843834e-01 -1.381373e-01 4.170701e-01)
	(6.868149e-01 5.055090e-03 1.804587e-01 4.795198e-01 -1.388663e-01 4.157731e-01)
	(6.816163e-01 1.536813e-02 1.743904e-01 4.747832e-01 -1.397607e-01 4.147120e-01)
	(6.724787e-01 8.437125e-03 1.716645e-01 4.724579e-01 -1.437967e-01 4.181312e-01)
	(6.633411e-01 1.506120e-03 1.689385e-01 4.701325e-01 -1.478328e-01 4.215504e-01)
	(6.542035e-01 -5.424885e-03 1.662126e-01 4.678072e-01 -1.518688e-01 4.249697e-01)
	(6.450659e-01 -1.235589e-02 1.634867e-01 4.654818e-01 -1.559049e-01 4.283889e-01)
	(6.376610e-01 -1.816061e-02 1.611966e-01 4.634246e-01 -1.590576e-01 4.314795e-01)
	(6.423850e-01 -1.608131e-02 1.619573e-01 4.632438e-01 -1.560274e-01 4.322694e-01)
	(6.471091e-01 -1.400200e-02 1.627181e-01 4.630630e-01 -1.529972e-01 4.330594e-01)
	(6.518331e-01 -1.192270e-02 1.634788e-01 4.628822e-01 -1.499670e-01 4.338493e-01)
	(6.565572e-01 -9.843401e-03 1.642395e-01 4.627014e-01 -1.469368e-01 4.346393e-01)
	(6.612812e-01 -7.764100e-03 1.650002e-01 4.625206e-01 -1.439066e-01 4.354293e-01)
	(6.660052e-01 -5.684798e-03 1.657609e-01 4.623398e-01 -1.408764e-01 4.362192e-01)
	(6.707293e-01 -3.605497e-03 1.665217e-01 4.621591e-01 -1.378462e-01 4.370092e-01)
	(6.754533e-01 -1.526195e-03 1.672824e-01 4.619783e-01 -1.348160e-01 4.377991e-01)
	(6.751751e-01 -1.602795e-03 1.667066e-01 4.611526e-01 -1.343194e-01 4.363068e-01)
	(6.744421e-01 -1.875387e-03 1.660092e-01 4.602683e-01 -1.340532e-01 4.346070e-01)
	(6.737092e-01 -2.147978e-03 1.653119e-01 4.593840e-01 -1.337869e-01 4.329073e-01)
	(6.729762e-01 -2.420569e-03 1.646146e-01 4.584998e-01 -1.335207e-01 4.312075e-01)
	(6.722432e-01 -2.693160e-03 1.639173e-01 4.576155e-01 -1.332544e-01 4.295077e-01)
	(6.715102e-01 -2.965752e-03 1.632199e-01 4.567312e-01 -1.329882e-01 4.278079e-01)
	(6.707773e-01 -3.238343e-03 1.625226e-01 4.558469e-01 -1.327219e-01 4.261081e-01)
	(6.700443e-01 -3.510934e-03 1.618253e-01 4.549626e-01 -1.324557e-01 4.244083e-01)
	(6.693113e-01 -3.783525e-03 1.611280e-01 4.540783e-01 -1.321894e-01 4.227085e-01)
	(6.685783e-01 -4.056117e-03 1.604306e-01 4.531940e-01 -1.319232e-01 4.210087e-01)
	(6.678454e-01 -4.328708e-03 1.597333e-01 4.523098e-01 -1.316569e-01 4.193089e-01)
	(6.671124e-01 -4.601299e-03 1.590360e-01 4.514255e-01 -1.313907e-01 4.176091e-01)
	(6.663794e-01 -4.873891e-03 1.583386e-01 4.505412e-01 -1.311244e-01 4.159093e-01)
	(6.656465e-01 -5.146482e-03 1.576413e-01 4.496569e-01 -1.308581e-01 4.142096e-01)
	(6.649135e-01 -5.419073e-03 1.569440e-01 4.487726e-01 -1.305919e-01 4.125098e-01)
	(6.641805e-01 -5.691664e-03 1.562467e-01 4.478883e-01 -1.303256e-01 4.108100e-01)
	(6.634220e-01 -6.027649e-03 1.557142e-01 4.466553e-01 -1.299738e-01 4.095622e-01)
	(6.626379e-01 -6.427027e-03 1.553465e-01 4.450734e-01 -1.295364e-01 4.087663e-01)
	(6.618539e-01 -6.826406e-03 1.549788e-01 4.434915e-01 -1.290990e-01 4.079704e-01)
	(6.610698e-01 -7.225784e-03 1.546111e-01 4.419096e-01 -1.286616e-01 4.071746e-01)
	(6.602857e-01 -7.625162e-03 1.542434e-01 4.403277e-01 -1.282242e-01 4.063787e-01)
	(6.595017e-01 -8.024541e-03 1.538757e-01 4.387458e-01 -1.277867e-01 4.055829e-01)
	(6.587176e-01 -8.423919e-03 1.535081e-01 4.371639e-01 -1.273493e-01 4.047870e-01)
	(6.579335e-01 -8.823297e-03 1.531404e-01 4.355821e-01 -1.269119e-01 4.039912e-01)
	(6.571495e-01 -9.222675e-03 1.527727e-01 4.340002e-01 -1.264745e-01 4.031953e-01)
	(6.563654e-01 -9.622054e-03 1.524050e-01 4.324183e-01 -1.260371e-01 4.023994e-01)
	(6.555813e-01 -1.002143e-02 1.520373e-01 4.308364e-01 -1.255997e-01 4.016036e-01)
	(6.547973e-01 -1.042081e-02 1.516697e-01 4.292545e-01 -1.251623e-01 4.008077e-01)
	(6.540132e-01 -1.082019e-02 1.513020e-01 4.276726e-01 -1.247248e-01 4.000119e-01)
	(6.532291e-01 -1.121957e-02 1.509343e-01 4.260907e-01 -1.242874e-01 3.992160e-01)
	(6.524451e-01 -1.161894e-02 1.505666e-01 4.245088e-01 -1.238500e-01 3.984202e-01)
	(6.516610e-01 -1.201832e-02 1.501989e-01 4.229270e-01 -1.234126e-01 3.976243e-01)
	(6.507148e-01 -1.237280e-02 1.496780e-01 4.212003e-01 -1.228658e-01 3.968280e-01)
	(6.479853e-01 -1.223333e-02 1.474720e-01 4.178813e-01 -1.211162e-01 3.960262e-01)
	(6.452558e-01 -1.209387e-02 1.452659e-01 4.145623e-01 -1.193665e-01 3.952245e-01)
	(6.425264e-01 -1.195440e-02 1.430598e-01 4.112433e-01 -1.176169e-01 3.944227e-01)
	(6.397969e-01 -1.181494e-02 1.408537e-01 4.079243e-01 -1.158672e-01 3.936210e-01)
	(6.370674e-01 -1.167547e-02 1.386476e-01 4.046052e-01 -1.141176e-01 3.928192e-01)
	(6.343379e-01 -1.153600e-02 1.364415e-01 4.012862e-01 -1.123679e-01 3.920175e-01)
	(6.316084e-01 -1.139654e-02 1.342354e-01 3.979672e-01 -1.106182e-01 3.912157e-01)
	(6.288789e-01 -1.125707e-02 1.320293e-01 3.946482e-01 -1.088686e-01 3.904140e-01)
	(6.261494e-01 -1.111761e-02 1.298233e-01 3.913292e-01 -1.071189e-01 3.896122e-01)
	(6.234199e-01 -1.097814e-02 1.276172e-01 3.880102e-01 -1.053693e-01 3.888105e-01)
	(6.206904e-01 -1.083868e-02 1.254111e-01 3.846912e-01 -1.036196e-01 3.880087e-01)
	(6.179609e-01 -1.069921e-02 1.232050e-01 3.813722e-01 -1.018700e-01 3.872070e-01)
	(6.152314e-01 -1.055975e-02 1.209989e-01 3.780531e-01 -1.001203e-01 3.864052e-01)
	(6.125020e-01 -1.042028e-02 1.187928e-01 3.747341e-01 -9.837064e-02 3.856035e-01)
	(6.097725e-01 -1.028081e-02 1.165867e-01 3.714151e-01 -9.662099e-02 3.848017e-01)
	(6.070430e-01 -1.014135e-02 1.143806e-01 3.680961e-01 -9.487133e-02 3.840000e-01)
	(6.043390e-01 -9.959621e-03 1.126796e-01 3.664461e-01 -9.339215e-02 3.830154e-01)
	(6.016479e-01 -9.756763e-03 1.112310e-01 3.656306e-01 -9.204821e-02 3.819396e-01)
	(5.989567e-01 -9.553904e-03 1.097825e-01 3.648151e-01 -9.070427e-02 3.808637e-01)
	(5.962655e-01 -9.351046e-03 1.083340e-01 3.639996e-01 -8.936033e-02 3.797878e-01)
	(5.935743e-01 -9.148187e-03 1.068854e-01 3.631841e-01 -8.801639e-02 3.787119e-01)
	(5.908832e-01 -8.945329e-03 1.054369e-01 3.623686e-01 -8.667246e-02 3.776361e-01)
	(5.881920e-01 -8.742470e-03 1.039883e-01 3.615530e-01 -8.532852e-02 3.765602e-01)
	(5.855008e-01 -8.539612e-03 1.025398e-01 3.607375e-01 -8.398458e-02 3.754843e-01)
	(5.828097e-01 -8.336753e-03 1.010913e-01 3.599220e-01 -8.264064e-02 3.744084e-01)
	(5.801185e-01 -8.133895e-03 9.964273e-02 3.591065e-01 -8.129670e-02 3.733325e-01)
	(5.774273e-01 -7.931036e-03 9.819420e-02 3.582910e-01 -7.995276e-02 3.722567e-01)
	(5.747361e-01 -7.728178e-03 9.674566e-02 3.574755e-01 -7.860882e-02 3.711808e-01)
	(5.720450e-01 -7.525319e-03 9.529712e-02 3.566600e-01 -7.726488e-02 3.701049e-01)
	(5.693538e-01 -7.322461e-03 9.384858e-02 3.558445e-01 -7.592094e-02 3.690290e-01)
	(5.666626e-01 -7.119602e-03 9.240004e-02 3.550290e-01 -7.457700e-02 3.679531e-01)
	(5.639714e-01 -6.916744e-03 9.095150e-02 3.542135e-01 -7.323306e-02 3.668773e-01)
	(5.612803e-01 -6.713885e-03 8.950297e-02 3.533980e-01 -7.188913e-02 3.658014e-01)
	(5.585891e-01 -6.511027e-03 8.805443e-02 3.525825e-01 -7.054519e-02 3.647255e-01)
	(5.558979e-01 -6.308168e-03 8.660589e-02 3.517670e-01 -6.920125e-02 3.636496e-01)
	(5.532068e-01 -6.105310e-03 8.515735e-02 3.509515e-01 -6.785731e-02 3.625737e-01)
	(5.505156e-01 -5.902451e-03 8.370881e-02 3.501360e-01 -6.651337e-02 3.614979e-01)
	(5.478244e-01 -5.699593e-03 8.226027e-02 3.493205e-01 -6.516943e-02 3.604220e-01)
	(5.451332e-01 -5.496735e-03 8.081174e-02 3.485049e-01 -6.382549e-02 3.593461e-01)
	(5.424421e-01 -5.293876e-03 7.936320e-02 3.476894e-01 -6.248155e-02 3.582702e-01)
	(5.397509e-01 -5.091018e-03 7.791466e-02 3.468739e-01 -6.113761e-02 3.571943e-01)
	(5.370597e-01 -4.888159e-03 7.646612e-02 3.460584e-01 -5.979367e-02 3.561185e-01)
	(5.343686e-01 -4.685301e-03 7.501758e-02 3.452429e-01 -5.844973e-02 3.550426e-01)
	(5.316774e-01 -4.482442e-03 7.356904e-02 3.444274e-01 -5.710580e-02 3.539667e-01)
	(5.289862e-01 -4.279584e-03 7.212051e-02 3.436119e-01 -5.576186e-02 3.528908e-01)
	(5.262950e-01 -4.076725e-03 7.067197e-02 3.427964e-01 -5.441792e-02 3.518150e-01)
	(5.236039e-01 -3.873867e-03 6.922343e-02 3.419809e-01 -5.307398e-02 3.507391e-01)
	(5.209127e-01 -3.671008e-03 6.777489e-02 3.411654e-01 -5.173004e-02 3.496632e-01)
	(5.182215e-01 -3.468150e-03 6.632635e-02 3.403499e-01 -5.038610e-02 3.485873e-01)
	(5.165448e-01 -3.775079e-03 6.481178e-02 3.393133e-01 -4.898669e-02 3.485726e-01)
	(5.150710e-01 -4.183966e-03 6.328400e-02 3.382325e-01 -4.757619e-02 3.487701e-01)
	(5.135972e-01 -4.592853e-03 6.175622e-02 3.371517e-01 -4.616569e-02 3.489676e-01)
	(5.121234e-01 -5.001740e-03 6.022844e-02 3.360709e-01 -4.475518e-02 3.491650e-01)
	(5.106496e-01 -5.410627e-03 5.870066e-02 3.349901e-01 -4.334468e-02 3.493625e-01)
	(5.091758e-01 -5.819514e-03 5.717288e-02 3.339093e-01 -4.193418e-02 3.495600e-01)
	(5.077020e-01 -6.228401e-03 5.564510e-02 3.328285e-01 -4.052368e-02 3.497575e-01)
	(5.062282e-01 -6.637287e-03 5.411732e-02 3.317478e-01 -3.911318e-02 3.499550e-01)
	(5.047544e-01 -7.046174e-03 5.258954e-02 3.306670e-01 -3.770267e-02 3.501525e-01)
	(5.032806e-01 -7.455061e-03 5.106176e-02 3.295862e-01 -3.629217e-02 3.503500e-01)
	(5.018068e-01 -7.863948e-03 4.953398e-02 3.285054e-01 -3.488167e-02 3.505475e-01)
	(5.003329e-01 -8.272835e-03 4.800620e-02 3.274246e-01 -3.347117e-02 3.507450e-01)
	(4.988591e-01 -8.681722e-03 4.647842e-02 3.263438e-01 -3.206066e-02 3.509425e-01)
	(4.973853e-01 -9.090609e-03 4.495064e-02 3.252630e-01 -3.065016e-02 3.511399e-01)
	(4.959115e-01 -9.499496e-03 4.342286e-02 3.241822e-01 -2.923966e-02 3.513374e-01)
	(4.944377e-01 -9.908383e-03 4.189508e-02 3.231014e-01 -2.782916e-02 3.515349e-01)
	(4.929639e-01 -1.031727e-02 4.036731e-02 3.220206e-01 -2.641866e-02 3.517324e-01)
	(4.914901e-01 -1.072616e-02 3.883953e-02 3.209398e-01 -2.500815e-02 3.519299e-01)
	(4.900163e-01 -1.113504e-02 3.731175e-02 3.198590e-01 -2.359765e-02 3.521274e-01)
	(4.885425e-01 -1.154393e-02 3.578397e-02 3.187783e-01 -2.218715e-02 3.523249e-01)
	(4.870687e-01 -1.195282e-02 3.425619e-02 3.176975e-01 -2.077665e-02 3.525224e-01)
	(4.855949e-01 -1.236170e-02 3.272841e-02 3.166167e-01 -1.936614e-02 3.527199e-01)
	(4.841211e-01 -1.277059e-02 3.120063e-02 3.155359e-01 -1.795564e-02 3.529174e-01)
	(4.826473e-01 -1.317948e-02 2.967285e-02 3.144551e-01 -1.654514e-02 3.531148e-01)
	(4.811735e-01 -1.358836e-02 2.814507e-02 3.133743e-01 -1.513464e-02 3.533123e-01)
	(4.796996e-01 -1.399725e-02 2.661729e-02 3.122935e-01 -1.372414e-02 3.535098e-01)
	(4.782258e-01 -1.440614e-02 2.508951e-02 3.112127e-01 -1.231363e-02 3.537073e-01)
	(4.767520e-01 -1.481503e-02 2.356173e-02 3.101319e-01 -1.090313e-02 3.539048e-01)
	(4.752782e-01 -1.522391e-02 2.203395e-02 3.090511e-01 -9.492629e-03 3.541023e-01)
	(4.738044e-01 -1.563280e-02 2.050617e-02 3.079703e-01 -8.082127e-03 3.542998e-01)
	(4.723306e-01 -1.604169e-02 1.897839e-02 3.068895e-01 -6.671624e-03 3.544973e-01)
	(4.708568e-01 -1.645057e-02 1.745061e-02 3.058088e-01 -5.261122e-03 3.546948e-01)
	(4.693830e-01 -1.685946e-02 1.592283e-02 3.047280e-01 -3.850620e-03 3.548923e-01)
	(4.693830e-01 -1.685946e-02 1.592283e-02 3.047280e-01 -3.850620e-03 3.548923e-01)
	(4.693830e-01 -1.685946e-02 1.592283e-02 3.047280e-01 -3.850620e-03 3.548923e-01)

	(3.906363e-01 -2.927858e-02 1.550307e-01 4.638128e-01 1.040700e-03 2.391004e-01)
	(4.078308e-01 -1.998089e-02 1.383372e-01 4.995444e-01 -1.163797e-02 2.704761e-01)
	(4.250252e-01 -1.068319e-02 1.216436e-01 5.352760e-01 -2.431664e-02 3.018518e-01)
	(4.422196e-01 -1.385497e-03 1.049500e-01 5.710077e-01 -3.699531e-02 3.332275e-01)
	(4.594140e-01 7.912198e-03 8.825640e-02 6.067393e-01 -4.967398e-02 3.646032e-01)
	(4.769739e-01 7.624112e-03 9.972105e-02 6.123554e-01 -7.029571e-02 3.804689e-01)
	(4.946677e-01 3.820510e-03 1.215125e-01 6.069269e-01 -9.383049e-02 3.906463e-01)
	(5.123616e-01 1.690851e-05 1.433040e-01 6.014984e-01 -1.173653e-01 4.008238e-01)
	(5.300555e-01 -3.786693e-03 1.650955e-01 5.960699e-01 -1.409001e-01 4.110013e-01)
	(5.412292e-01 -3.861444e-03 1.717482e-01 5.910482e-01 -1.441671e-01 4.112174e-01)
	(5.506871e-01 -2.954919e-03 1.744170e-01 5.861335e-01 -1.421004e-01 4.088121e-01)
	(5.601450e-01 -2.048394e-03 1.770859e-01 5.812188e-01 -1.400338e-01 4.064069e-01)
	(5.696029e-01 -1.141869e-03 1.797548e-01 5.763042e-01 -1.379672e-01 4.040016e-01)
	(5.790609e-01 -2.353440e-04 1.824236e-01 5.713895e-01 -1.359006e-01 4.015964e-01)
	(5.885188e-01 6.711811e-04 1.850925e-01 5.664749e-01 -1.338339e-01 3.991911e-01)
	(5.979767e-01 1.577706e-03 1.877613e-01 5.615602e-01 -1.317673e-01 3.967859e-01)
	(6.074346e-01 2.484231e-03 1.904302e-01 5.566456e-01 -1.297007e-01 3.943806e-01)
	(6.168925e-01 3.390756e-03 1.930991e-01 5.517309e-01 -1.276341e-01 3.919754e-01)
	(6.263504e-01 4.297281e-03 1.957679e-01 5.468163e-01 -1.255674e-01 3.895701e-01)
	(6.358083e-01 5.203806e-03 1.984368e-01 5.419016e-01 -1.235008e-01 3.871649e-01)
	(6.452662e-01 6.110332e-03 2.011057e-01 5.369869e-01 -1.214342e-01 3.847596e-01)
	(6.547242e-01 7.016857e-03 2.037745e-01 5.320723e-01 -1.193676e-01 3.823544e-01)
	(6.641821e-01 7.923382e-03 2.064434e-01 5.271576e-01 -1.173010e-01 3.799491e-01)
	(6.736400e-01 8.829907e-03 2.091122e-01 5.222430e-01 -1.152343e-01 3.775439e-01)
	(6.830979e-01 9.736432e-03 2.117811e-01 5.173283e-01 -1.131677e-01 3.751386e-01)
	(6.896539e-01 1.007955e-02 2.134634e-01 5.140422e-01 -1.121185e-01 3.743287e-01)
	(6.913733e-01 9.483650e-03 2.135014e-01 5.134704e-01 -1.127652e-01 3.761779e-01)
	(6.930928e-01 8.887752e-03 2.135395e-01 5.128985e-01 -1.134118e-01 3.780270e-01)
	(6.948122e-01 8.291854e-03 2.135775e-01 5.123267e-01 -1.140584e-01 3.798762e-01)
	(6.965316e-01 7.695956e-03 2.136155e-01 5.117549e-01 -1.147050e-01 3.817253e-01)
	(6.982511e-01 7.100058e-03 2.136536e-01 5.111830e-01 -1.153516e-01 3.835744e-01)
	(6.999705e-01 6.504160e-03 2.136916e-01 5.106112e-01 -1.159982e-01 3.854236e-01)
	(7.016900e-01 5.908262e-03 2.137296e-01 5.100394e-01 -1.166448e-01 3.872727e-01)
	(7.034094e-01 5.312364e-03 2.137677e-01 5.094675e-01 -1.172914e-01 3.891218e-01)
	(7.051288e-01 4.716466e-03 2.138057e-01 5.088957e-01 -1.179381e-01 3.909710e-01)
	(7.068483e-01 4.120568e-03 2.138438e-01 5.083238e-01 -1.185847e-01 3.928201e-01)
	(7.085677e-01 3.524669e-03 2.138818e-01 5.077520e-01 -1.192313e-01 3.946692e-01)
	(7.102872e-01 2.928771e-03 2.139198e-01 5.071802e-01 -1.198779e-01 3.965184e-01)
	(7.120066e-01 2.332873e-03 2.139579e-01 5.066083e-01 -1.205245e-01 3.983675e-01)
	(7.137261e-01 1.736975e-03 2.139959e-01 5.060365e-01 -1.211711e-01 4.002167e-01)
	(7.154455e-01 1.141077e-03 2.140339e-01 5.054647e-01 -1.218177e-01 4.020658e-01)
	(7.171649e-01 5.451791e-04 2.140720e-01 5.048928e-01 -1.224643e-01 4.039149e-01)
	(7.133986e-01 -2.572742e-04 2.114126e-01 5.041120e-01 -1.234390e-01 4.044477e-01)
	(7.093938e-01 -1.068708e-03 2.086360e-01 5.033220e-01 -1.244279e-01 4.049233e-01)
	(7.053890e-01 -1.880142e-03 2.058594e-01 5.025320e-01 -1.254169e-01 4.053988e-01)
	(7.013841e-01 -2.691576e-03 2.030827e-01 5.017421e-01 -1.264058e-01 4.058744e-01)
	(6.973793e-01 -3.503010e-03 2.003061e-01 5.009521e-01 -1.273948e-01 4.063499e-01)
	(6.933745e-01 -4.314444e-03 1.975295e-01 5.001622e-01 -1.283837e-01 4.068255e-01)
	(6.893697e-01 -5.125878e-03 1.947528e-01 4.993722e-01 -1.293726e-01 4.073010e-01)
	(6.853648e-01 -5.937312e-03 1.919762e-01 4.985822e-01 -1.303616e-01 4.077766e-01)
	(6.861941e-01 -6.282806e-03 1.919667e-01 4.977481e-01 -1.312649e-01 4.089359e-01)
	(6.886347e-01 -6.472987e-03 1.928796e-01 4.968991e-01 -1.321398e-01 4.103233e-01)
	(6.910754e-01 -6.663168e-03 1.937924e-01 4.960502e-01 -1.330146e-01 4.117106e-01)
	(6.935160e-01 -6.853349e-03 1.947053e-01 4.952013e-01 -1.338894e-01 4.130980e-01)
	(6.959566e-01 -7.043530e-03 1.956182e-01 4.943524e-01 -1.347642e-01 4.144853e-01)
	(6.983972e-01 -7.233711e-03 1.965310e-01 4.935035e-01 -1.356391e-01 4.158727e-01)
	(7.008379e-01 -7.423893e-03 1.974439e-01 4.926546e-01 -1.365139e-01 4.172600e-01)
	(7.032785e-01 -7.614074e-03 1.983568e-01 4.918057e-01 -1.373887e-01 4.186474e-01)
	(7.023676e-01 -6.968694e-03 1.967721e-01 4.897206e-01 -1.377668e-01 4.186126e-01)
	(6.986209e-01 -5.616303e-03 1.930742e-01 4.865896e-01 -1.377245e-01 4.173746e-01)
	(6.948741e-01 -4.263911e-03 1.893762e-01 4.834586e-01 -1.376823e-01 4.161366e-01)
	(6.911274e-01 -2.911519e-03 1.856783e-01 4.803275e-01 -1.376400e-01 4.148986e-01)
	(6.873806e-01 -1.559127e-03 1.819803e-01 4.771965e-01 -1.375977e-01 4.136606e-01)
	(6.882953e-01 -4.813142e-03 1.832797e-01 4.787895e-01 -1.375034e-01 4.142403e-01)
	(6.921075e-01 -1.093060e-02 1.876855e-01 4.833190e-01 -1.373766e-01 4.159500e-01)
	(6.959198e-01 -1.704806e-02 1.920914e-01 4.878485e-01 -1.372498e-01 4.176596e-01)
	(6.967975e-01 -1.738615e-02 1.929472e-01 4.892470e-01 -1.374083e-01 4.183670e-01)
	(6.918062e-01 -6.165532e-03 1.867029e-01 4.843834e-01 -1.381373e-01 4.170701e-01)
	(6.868149e-01 5.055090e-03 1.804587e-01 4.795198e-01 -1.388663e-01 4.157731e-01)
	(6.816163e-01 1.536813e-02 1.743904e-01 4.747832e-01 -1.397607e-01 4.147120e-01)
	(6.724787e-01 8.437125e-03 1.716645e-01 4.724579e-01 -1.437967e-01 4.181312e-01)
	(6.633411e-01 1.506120e-03 1.689385e-01 4.701325e-01 -1.478328e-01 4.215504e-01)
	(6.542035e-01 -5.424885e-03 1.662126e-01 4.678072e-01 -1.518688e-01 4.249697e-01)
	(6.450659e-01 -1.235589e-02 1.634867e-01 4.654818e-01 -1.559049e-01 4.283889e-01)
	(6.376610e-01 -1.816061e-02 1.611966e-01 4.634246e-01 -1.590576e-01 4.314795e-01)
	(6.423850e-01 -1.608131e-02 1.619573e-01 4.632438e-01 -1.560274e-01 4.322694e-01)
	(6.471091e-01 -1.400200e-02 1.627181e-01 4.630630e-01 -1.529972e-01 4.330594e-01)
	(6.518331e-01 -1.192270e-02 1.634788e-01 4.628822e-01 -1.499670e-01 4.338493e-01)
	(6.565572e-01 -9.843401e-03 1.642395e-01 4.627014e-01 -1.469368e-01 4.346393e-01)
	(6.612812e-01 -7.764100e-03 1.650002e-01 4.625206e-01 -1.439066e-01 4.354293e-01)
	(6.660052e-01 -5.684798e-03 1.657609e-01 4.623398e-01 -1.408764e-01 4.362192e-01)
	(6.707293e-01 -3.605497e-03 1.665217e-01 4.621591e-01 -1.378462e-01 4.370092e-01)
	(6.754533e-01 -1.526195e-03 1.672824e-01 4.619783e-01 -1.348160e-01 4.377991e-01)
	(6.751751e-01 -1.602795e-03 1.667066e-01 4.611526e-01 -1.343194e-01 4.363068e-01)
	(6.744421e-01 -1.875387e-03 1.660092e-01 4.602683e-01 -1.340532e-01 4.346070e-01)
	(6.737092e-01 -2.147978e-03 1.653119e-01 4.593840e-01 -1.337869e-01 4.329073e-01)
	(6.729762e-01 -2.420569e-03 1.646146e-01 4.584998e-01 -1.335207e-01 4.312075e-01)
	(6.722432e-01 -2.693160e-03 1.639173e-01 4.576155e-01 -1.332544e-01 4.295077e-01)
	(6.715102e-01 -2.965752e-03 1.632199e-01 4.567312e-01 -1.329882e-01 4.278079e-01)
	(6.707773e-01 -3.238343e-03 1.625226e-01 4.558469e-01 -1.327219e-01 4.261081e-01)
	(6.700443e-01 -3.510934e-03 1.618253e-01 4.549626e-01 -1.324557e-01 4.244083e-01)
	(6.693113e-01 -3.783525e-03 1.611280e-01 4.540783e-01 -1.321894e-01 4.227085e-01)
	(6.685783e-01 -4.056117e-03 1.604306e-01 4.531940e-01 -1.319232e-01 4.210087e-01)
	(6.678454e-01 -4.328708e-03 1.597333e-01 4.523098e-01 -1.316569e-01 4.193089e-01)
	(6.671124e-01 -4.601299e-03 1.590360e-01 4.514255e-01 -1.313907e-01 4.176091e-01)
	(6.663794e-01 -4.873891e-03 1.583386e-01 4.505412e-01 -1.311244e-01 4.159093e-01)
	(6.656465e-01 -5.146482e-03 1.576413e-01 4.496569e-01 -1.308581e-01 4.142096e-01)
	(6.649135e-01 -5.419073e-03 1.569440e-01 4.487726e-01 -1.305919e-01 4.125098e-01)
	(6.641805e-01 -5.691664e-03 1.562467e-01 4.478883e-01 -1.303256e-01 4.108100e-01)
	(6.634220e-01 -6.027649e-03 1.557142e-01 4.466553e-01 -1.299738e-01 4.095622e-01)
	(6.626379e-01 -6.427027e-03 1.553465e-01 4.450734e-01 -1.295364e-01 4.087663e-01)
	(6.618539e-01 -6.826406e-03 1.549788e-01 4.434915e-01 -1.290990e-01 4.079704e-01)
	(6.610698e-01 -7.225784e-03 1.546111e-01 4.419096e-01 -1.286616e-01 4.071746e-01)
	(6.602857e-01 -7.625162e-03 1.542434e-01 4.403277e-01 -1.282242e-01 4.063787e-01)
	(6.595017e-01 -8.024541e-03 1.538757e-01 4.387458e-01 -1.277867e-01 4.055829e-01)
	(6.587176e-01 -8.423919e-03 1.535081e-01 4.371639e-01 -1.273493e-01 4.047870e-01)
	(6.579335e-01 -8.823297e-03 1.531404e-01 4.355821e-01 -1.269119e-01 4.039912e-01)
	(6.571495e-01 -9.222675e-03 1.527727e-01 4.340002e-01 -1.264745e-01 4.031953e-01)
	(6.563654e-01 -9.622054e-03 1.524050e-01 4.324183e-01 -1.260371e-01 4.023994e-01)
	(6.555813e-01 -1.002143e-02 1.520373e-01 4.308364e-01 -1.255997e-01 4.016036e-01)
	(6.547973e-01 -1.042081e-02 1.516697e-01 4.292545e-01 -1.251623e-01 4.008077e-01)
	(6.540132e-01 -1.082019e-02 1.513020e-01 4.276726e-01 -1.247248e-01 4.000119e-01)
	(6.532291e-01 -1.121957e-02 1.509343e-01 4.260907e-01 -1.242874e-01 3.992160e-01)
	(6.524451e-01 -1.161894e-02 1.505666e-01 4.245088e-01 -1.238500e-01 3.984202e-01)
	(6.516610e-01 -1.201832e-02 1.501989e-01 4.229270e-01 -1.234126e-01 3.976243e-01)
	(6.507148e-01 -1.237280e-02 1.496780e-01 4.212003e-01 -1.228658e-01 3.968280e-01)
	(6.479853e-01 -1.223333e-02 1.474720e-01 4.178813e-01 -1.211162e-01 3.960262e-01)
	(6.452558e-01 -1.209387e-02 1.452659e-01 4.145623e-01 -1.193665e-01 3.952245e-01)
	(6.425264e-01 -1.195440e-02 1.430598e-01 4.112433e-01 -1.176169e-01 3.944227e-01)
	(6.397969e-01 -1.181494e-02 1.408537e-01 4.079243e-01 -1.158672e-01 3.936210e-01)
	(6.370674e-01 -1.167547e-02 1.386476e-01 4.046052e-01 -1.141176e-01 3.928192e-01)
	(6.343379e-01 -1.153600e-02 1.364415e-01 4.012862e-01 -1.123679e-01 3.920175e-01)
	(6.316084e-01 -1.139654e-02 1.342354e-01 3.979672e-01 -1.106182e-01 3.912157e-01)
	(6.288789e-01 -1.125707e-02 1.320293e-01 3.946482e-01 -1.088686e-01 3.904140e-01)
	(6.261494e-01 -1.111761e-02 1.298233e-01 3.913292e-01 -1.071189e-01 3.896122e-01)
	(6.234199e-01 -1.097814e-02 1.276172e-01 3.880102e-01 -1.053693e-01 3.888105e-01)
	(6.206904e-01 -1.083868e-02 1.254111e-01 3.846912e-01 -1.036196e-01 3.880087e-01)
	(6.179609e-01 -1.069921e-02 1.232050e-01 3.813722e-01 -1.018700e-01 3.872070e-01)
	(6.152314e-01 -1.055975e-02 1.209989e-01 3.780531e-01 -1.001203e-01 3.864052e-01)
	(6.125020e-01 -1.042028e-02 1.187928e-01 3.747341e-01 -9.837064e-02 3.856035e-01)
	(6.097725e-01 -1.028081e-02 1.165867e-01 3.714151e-01 -9.662099e-02 3.848017e-01)
	(6.070430e-01 -1.014135e-02 1.143806e-01 3.680961e-01 -9.487133e-02 3.840000e-01)
	(6.043390e-01 -9.959621e-03 1.126796e-01 3.664461e-01 -9.339215e-02 3.830154e-01)
	(6.016479e-01 -9.756763e-03 1.112310e-01 3.656306e-01 -9.204821e-02 3.819396e-01)
	(5.989567e-01 -9.553904e-03 1.097825e-01 3.648151e-01 -9.070427e-02 3.808637e-01)
	(5.962655e-01 -9.351046e-03 1.083340e-01 3.639996e-01 -8.936033e-02 3.797878e-01)
	(5.935743e-01 -9.148187e-03 1.068854e-01 3.631841e-01 -8.801639e-02 3.787119e-01)
	(5.908832e-01 -8.945329e-03 1.054369e-01 3.623686e-01 -8.667246e-02 3.776361e-01)
	(5.881920e-01 -8.742470e-03 1.039883e-01 3.615530e-01 -8.532852e-02 3.765602e-01)
	(5.855008e-01 -8.539612e-03 1.025398e-01 3.607375e-01 -8.398458e-02 3.754843e-01)
	(5.828097e-01 -8.336753e-03 1.010913e-01 3.599220e-01 -8.264064e-02 3.744084e-01)
	(5.801185e-01 -8.133895e-03 9.964273e-02 3.591065e-01 -8.129670e-02 3.733325e-01)
	(5.774273e-01 -7.931036e-03 9.819420e-02 3.582910e-01 -7.995276e-02 3.722567e-01)
	(5.747361e-01 -7.728178e-03 9.674566e-02 3.574755e-01 -7.860882e-02 3.711808e-01)
	(5.720450e-01 -7.525319e-03 9.529712e-02 3.566600e-01 -7.726488e-02 3.701049e-01)
	(5.693538e-01 -7.322461e-03 9.384858e-02 3.558445e-01 -7.592094e-02 3.690290e-01)
	(5.666626e-01 -7.119602e-03 9.240004e-02 3.550290e-01 -7.457700e-02 3.679531e-01)
	(5.639714e-01 -6.916744e-03 9.095150e-02 3.542135e-01 -7.323306e-02 3.668773e-01)
	(5.612803e-01 -6.713885e-03 8.950297e-02 3.533980e-01 -7.188913e-02 3.658014e-01)
	(5.585891e-01 -6.511027e-03 8.805443e-02 3.525825e-01 -7.054519e-02 3.647255e-01)
	(5.558979e-01 -6.308168e-03 8.660589e-02 3.517670e-01 -6.920125e-02 3.636496e-01)
	(5.532068e-01 -6.105310e-03 8.515735e-02 3.509515e-01 -6.785731e-02 3.625737e-01)
	(5.505156e-01 -5.902451e-03 8.370881e-02 3.501360e-01 -6.651337e-02 3.614979e-01)
	(5.478244e-01 -5.699593e-03 8.226027e-02 3.493205e-01 -6.516943e-02 3.604220e-01)
	(5.451332e-01 -5.496735e-03 8.081174e-02 3.485049e-01 -6.382549e-02 3.593461e-01)
	(5.424421e-01 -5.293876e-03 7.936320e-02 3.476894e-01 -6.248155e-02 3.582702e-01)
	(5.397509e-01 -5.091018e-03 7.791466e-02 3.468739e-01 -6.113761e-02 3.571943e-01)
	(5.370597e-01 -4.888159e-03 7.646612e-02 3.460584e-01 -5.979367e-02 3.561185e-01)
	(5.343686e-01 -4.685301e-03 7.501758e-02 3.452429e-01 -5.844973e-02 3.550426e-01)
	(5.316774e-01 -4.482442e-03 7.356904e-02 3.444274e-01 -5.710580e-02 3.539667e-01)
	(5.289862e-01 -4.279584e-03 7.212051e-02 3.436119e-01 -5.576186e-02 3.528908e-01)
	(5.262950e-01 -4.076725e-03 7.067197e-02 3.427964e-01 -5.441792e-02 3.518150e-01)
	(5.236039e-01 -3.873867e-03 6.922343e-02 3.419809e-01 -5.307398e-02 3.507391e-01)
	(5.209127e-01 -3.671008e-03 6.777489e-02 3.411654e-01 -5.173004e-02 3.496632e-01)
	(5.182215e-01 -3.468150e-03 6.632635e-02 3.403499e-01 -5.038610e-02 3.485873e-01)
	(5.165448e-01 -3.775079e-03 6.481178e-02 3.393133e-01 -4.898669e-02 3.485726e-01)
	(5.150710e-01 -4.183966e-03 6.328400e-02 3.382325e-01 -4.757619e-02 3.487701e-01)
	(5.135972e-01 -4.592853e-03 6.175622e-02 3.371517e-01 -4.616569e-02 3.489676e-01)
	(5.121234e-01 -5.001740e-03 6.022844e-02 3.360709e-01 -4.475518e-02 3.491650e-01)
	(5.106496e-01 -5.410627e-03 5.870066e-02 3.349901e-01 -4.334468e-02 3.493625e-01)
	(5.091758e-01 -5.819514e-03 5.717288e-02 3.339093e-01 -4.193418e-02 3.495600e-01)
	(5.077020e-01 -6.228401e-03 5.564510e-02 3.328285e-01 -4.052368e-02 3.497575e-01)
	(5.062282e-01 -6.637287e-03 5.411732e-02 3.317478e-01 -3.911318e-02 3.499550e-01)
	(5.047544e-01 -7.046174e-03 5.258954e-02 3.306670e-01 -3.770267e-02 3.501525e-01)
	(5.032806e-01 -7.455061e-03 5.106176e-02 3.295862e-01 -3.629217e-02 3.503500e-01)
	(5.018068e-01 -7.863948e-03 4.953398e-02 3.285054e-01 -3.488167e-02 3.505475e-01)
	(5.003329e-01 -8.272835e-03 4.800620e-02 3.274246e-01 -3.347117e-02 3.507450e-01)
	(4.988591e-01 -8.681722e-03 4.647842e-02 3.263438e-01 -3.206066e-02 3.509425e-01)
	(4.973853e-01 -9.090609e-03 4.495064e-02 3.252630e-01 -3.065016e-02 3.511399e-01)
	(4.959115e-01 -9.499496e-03 4.342286e-02 3.241822e-01 -2.923966e-02 3.513374e-01)
	(4.944377e-01 -9.908383e-03 4.189508e-02 3.231014e-01 -2.782916e-02 3.515349e-01)
	(4.929639e-01 -1.031727e-02 4.036731e-02 3.220206e-01 -2.641866e-02 3.517324e-01)
	(4.914901e-01 -1.072616e-02 3.883953e-02 3.209398e-01 -2.500815e-02 3.519299e-01)
	(4.900163e-01 -1.113504e-02 3.731175e-02 3.198590e-01 -2.359765e-02 3.521274e-01)
	(4.885425e-01 -1.154393e-02 3.578397e-02 3.187783e-01 -2.218715e-02 3.523249e-01)
	(4.870687e-01 -1.195282e-02 3.425619e-02 3.176975e-01 -2.077665e-02 3.525224e-01)
	(4.855949e-01 -1.236170e-02 3.272841e-02 3.166167e-01 -1.936614e-02 3.527199e-01)
	(4.841211e-01 -1.277059e-02 3.120063e-02 3.155359e-01 -1.795564e-02 3.529174e-01)
	(4.826473e-01 -1.317948e-02 2.967285e-02 3.144551e-01 -1.654514e-02 3.531148e-01)
	(4.811735e-01 -1.358836e-02 2.814507e-02 3.133743e-01 -1.513464e-02 3.533123e-01)
	(4.796996e-01 -1.399725e-02 2.661729e-02 3.122935e-01 -1.372414e-02 3.535098e-01)
	(4.782258e-01 -1.440614e-02 2.508951e-02 3.112127e-01 -1.231363e-02 3.537073e-01)
	(4.767520e-01 -1.481503e-02 2.356173e-02 3.101319e-01 -1.090313e-02 3.539048e-01)
	(4.752782e-01 -1.522391e-02 2.203395e-02 3.090511e-01 -9.492629e-03 3.541023e-01)
	(4.738044e-01 -1.563280e-02 2.050617e-02 3.079703e-01 -8.082127e-03 3.542998e-01)
	(4.723306e-01 -1.604169e-02 1.897839e-02 3.068895e-01 -6.671624e-03 3.544973e-01)
	(4.708568e-01 -1.645057e-02 1.745061e-02 3.058088e-01 -5.261122e-03 3.546948e-01)
	(4.693830e-01 -1.685946e-02 1.592283e-02 3.047280e-01 -3.850620e-03 3.548923e-01)
	(4.693830e-01 -1.685946e-02 1.592283e-02 3.047280e-01 -3.850620e-03 3.548923e-01)
	(4.693830e-01 -1.685946e-02 1.592283e-02 3.047280e-01 -3.850620e-03 3.548923e-01)
)
