400
(
	(2.555000e+00 0 0)
	(2.670736e+00 0 0)
	(2.786472e+00 0 0)
	(2.902208e+00 0 0)
	(2.987386e+00 0 0)
	(3.060482e+00 0 0)
	(3.133579e+00 0 0)
	(3.192157e+00 0 0)
	(3.231751e+00 0 0)
	(3.271345e+00 0 0)
	(3.310939e+00 0 0)
	(3.350533e+00 0 0)
	(3.390127e+00 0 0)
	(3.429721e+00 0 0)
	(3.460340e+00 0 0)
	(3.489579e+00 0 0)
	(3.518817e+00 0 0)
	(3.548056e+00 0 0)
	(3.577294e+00 0 0)
	(3.606533e+00 0 0)
	(3.636000e+00 0 0)
	(3.666000e+00 0 0)
	(3.696000e+00 0 0)
	(3.726000e+00 0 0)
	(3.756000e+00 0 0)
	(3.786000e+00 0 0)
	(3.816000e+00 0 0)
	(3.846000e+00 0 0)
	(3.876000e+00 0 0)
	(3.906000e+00 0 0)
	(3.936000e+00 0 0)
	(3.966000e+00 0 0)
	(3.996000e+00 0 0)
	(4.025797e+00 0 0)
	(4.054579e+00 0 0)
	(4.083360e+00 0 0)
	(4.112142e+00 0 0)
	(4.140924e+00 0 0)
	(4.169706e+00 0 0)
	(4.198487e+00 0 0)
	(4.223888e+00 0 0)
	(4.247036e+00 0 0)
	(4.270183e+00 0 0)
	(4.293330e+00 0 0)
	(4.316477e+00 0 0)
	(4.339624e+00 0 0)
	(4.362655e+00 0 0)
	(4.382299e+00 0 0)
	(4.401944e+00 0 0)
	(4.421589e+00 0 0)
	(4.441234e+00 0 0)
	(4.460878e+00 0 0)
	(4.480523e+00 0 0)
	(4.494127e+00 0 0)
	(4.500827e+00 0 0)
	(4.544213e+00 0 0)
	(4.587117e+00 0 0)
	(4.593208e+00 0 0)
	(4.599299e+00 0 0)
	(4.605391e+00 0 0)
	(4.635056e+00 0 0)
	(4.667340e+00 0 0)
	(4.699624e+00 0 0)
	(4.725335e+00 0 0)
	(4.746959e+00 0 0)
	(4.768584e+00 0 0)
	(4.790208e+00 0 0)
	(4.811832e+00 0 0)
	(4.833457e+00 0 0)
	(4.855058e+00 0 0)
	(4.876226e+00 0 0)
	(4.897393e+00 0 0)
	(4.918561e+00 0 0)
	(4.939728e+00 0 0)
	(4.960896e+00 0 0)
	(4.982063e+00 0 0)
	(5.003231e+00 0 0)
	(5.024398e+00 0 0)
	(5.045566e+00 0 0)
	(5.066734e+00 0 0)
	(5.087901e+00 0 0)
	(5.109069e+00 0 0)
	(5.130236e+00 0 0)
	(5.149701e+00 0 0)
	(5.169010e+00 0 0)
	(5.188320e+00 0 0)
	(5.207629e+00 0 0)
	(5.226939e+00 0 0)
	(5.246249e+00 0 0)
	(5.265558e+00 0 0)
	(5.284868e+00 0 0)
	(5.304178e+00 0 0)
	(5.323487e+00 0 0)
	(5.342797e+00 0 0)
	(5.362107e+00 0 0)
	(5.381416e+00 0 0)
	(5.400726e+00 0 0)
	(5.420036e+00 0 0)
	(5.439345e+00 0 0)
	(5.459142e+00 0 0)
	(5.479426e+00 0 0)
	(5.499711e+00 0 0)
	(5.519995e+00 0 0)
	(5.540279e+00 0 0)
	(5.560563e+00 0 0)
	(5.580848e+00 0 0)
	(5.601132e+00 0 0)
	(5.621416e+00 0 0)
	(5.641701e+00 0 0)
	(5.661985e+00 0 0)
	(5.682269e+00 0 0)
	(5.702553e+00 0 0)
	(5.722838e+00 0 0)
	(5.743122e+00 0 0)
	(5.763406e+00 0 0)
	(5.783497e+00 0 0)
	(5.801467e+00 0 0)
	(5.819437e+00 0 0)
	(5.837406e+00 0 0)
	(5.855376e+00 0 0)
	(5.873345e+00 0 0)
	(5.891315e+00 0 0)
	(5.909284e+00 0 0)
	(5.927254e+00 0 0)
	(5.945223e+00 0 0)
	(5.963193e+00 0 0)
	(5.981162e+00 0 0)
	(5.999132e+00 0 0)
	(6.017102e+00 0 0)
	(6.035071e+00 0 0)
	(6.053041e+00 0 0)
	(6.071010e+00 0 0)
	(6.087599e+00 0 0)
	(6.103497e+00 0 0)
	(6.119396e+00 0 0)
	(6.135294e+00 0 0)
	(6.151193e+00 0 0)
	(6.167091e+00 0 0)
	(6.182990e+00 0 0)
	(6.198888e+00 0 0)
	(6.214787e+00 0 0)
	(6.230685e+00 0 0)
	(6.246584e+00 0 0)
	(6.262482e+00 0 0)
	(6.278381e+00 0 0)
	(6.294279e+00 0 0)
	(6.310178e+00 0 0)
	(6.326076e+00 0 0)
	(6.341807e+00 0 0)
	(6.357036e+00 0 0)
	(6.372264e+00 0 0)
	(6.387492e+00 0 0)
	(6.402721e+00 0 0)
	(6.417949e+00 0 0)
	(6.433178e+00 0 0)
	(6.448406e+00 0 0)
	(6.463635e+00 0 0)
	(6.478863e+00 0 0)
	(6.494091e+00 0 0)
	(6.509320e+00 0 0)
	(6.524548e+00 0 0)
	(6.539777e+00 0 0)
	(6.555005e+00 0 0)
	(6.570234e+00 0 0)
	(6.585462e+00 0 0)
	(6.593330e+00 0 0)
	(6.599726e+00 0 0)
	(6.606122e+00 0 0)
	(6.612518e+00 0 0)
	(6.618914e+00 0 0)
	(6.625310e+00 0 0)
	(6.631706e+00 0 0)
	(6.638102e+00 0 0)
	(6.644497e+00 0 0)
	(6.650893e+00 0 0)
	(6.657289e+00 0 0)
	(6.663685e+00 0 0)
	(6.670081e+00 0 0)
	(6.676477e+00 0 0)
	(6.682873e+00 0 0)
	(6.689269e+00 0 0)
	(6.694472e+00 0 0)
	(6.698005e+00 0 0)
	(6.701538e+00 0 0)
	(6.705071e+00 0 0)
	(6.708604e+00 0 0)
	(6.712137e+00 0 0)
	(6.715670e+00 0 0)
	(6.719203e+00 0 0)
	(6.722736e+00 0 0)
	(6.726269e+00 0 0)
	(6.729802e+00 0 0)
	(6.733335e+00 0 0)
	(6.736868e+00 0 0)
	(6.740401e+00 0 0)
	(6.743934e+00 0 0)
	(6.747467e+00 0 0)
	(6.751000e+00 0 0)
	(6.750000e+00 0 0)
	(6.750000e+00 0 0)

	(2.555000e+00 0 0)
	(2.670736e+00 0 0)
	(2.786472e+00 0 0)
	(2.902208e+00 0 0)
	(2.987386e+00 0 0)
	(3.060482e+00 0 0)
	(3.133579e+00 0 0)
	(3.192157e+00 0 0)
	(3.231751e+00 0 0)
	(3.271345e+00 0 0)
	(3.310939e+00 0 0)
	(3.350533e+00 0 0)
	(3.390127e+00 0 0)
	(3.429721e+00 0 0)
	(3.460340e+00 0 0)
	(3.489579e+00 0 0)
	(3.518817e+00 0 0)
	(3.548056e+00 0 0)
	(3.577294e+00 0 0)
	(3.606533e+00 0 0)
	(3.636000e+00 0 0)
	(3.666000e+00 0 0)
	(3.696000e+00 0 0)
	(3.726000e+00 0 0)
	(3.756000e+00 0 0)
	(3.786000e+00 0 0)
	(3.816000e+00 0 0)
	(3.846000e+00 0 0)
	(3.876000e+00 0 0)
	(3.906000e+00 0 0)
	(3.936000e+00 0 0)
	(3.966000e+00 0 0)
	(3.996000e+00 0 0)
	(4.025797e+00 0 0)
	(4.054579e+00 0 0)
	(4.083360e+00 0 0)
	(4.112142e+00 0 0)
	(4.140924e+00 0 0)
	(4.169706e+00 0 0)
	(4.198487e+00 0 0)
	(4.223888e+00 0 0)
	(4.247036e+00 0 0)
	(4.270183e+00 0 0)
	(4.293330e+00 0 0)
	(4.316477e+00 0 0)
	(4.339624e+00 0 0)
	(4.362655e+00 0 0)
	(4.382299e+00 0 0)
	(4.401944e+00 0 0)
	(4.421589e+00 0 0)
	(4.441234e+00 0 0)
	(4.460878e+00 0 0)
	(4.480523e+00 0 0)
	(4.494127e+00 0 0)
	(4.500827e+00 0 0)
	(4.544213e+00 0 0)
	(4.587117e+00 0 0)
	(4.593208e+00 0 0)
	(4.599299e+00 0 0)
	(4.605391e+00 0 0)
	(4.635056e+00 0 0)
	(4.667340e+00 0 0)
	(4.699624e+00 0 0)
	(4.725335e+00 0 0)
	(4.746959e+00 0 0)
	(4.768584e+00 0 0)
	(4.790208e+00 0 0)
	(4.811832e+00 0 0)
	(4.833457e+00 0 0)
	(4.855058e+00 0 0)
	(4.876226e+00 0 0)
	(4.897393e+00 0 0)
	(4.918561e+00 0 0)
	(4.939728e+00 0 0)
	(4.960896e+00 0 0)
	(4.982063e+00 0 0)
	(5.003231e+00 0 0)
	(5.024398e+00 0 0)
	(5.045566e+00 0 0)
	(5.066734e+00 0 0)
	(5.087901e+00 0 0)
	(5.109069e+00 0 0)
	(5.130236e+00 0 0)
	(5.149701e+00 0 0)
	(5.169010e+00 0 0)
	(5.188320e+00 0 0)
	(5.207629e+00 0 0)
	(5.226939e+00 0 0)
	(5.246249e+00 0 0)
	(5.265558e+00 0 0)
	(5.284868e+00 0 0)
	(5.304178e+00 0 0)
	(5.323487e+00 0 0)
	(5.342797e+00 0 0)
	(5.362107e+00 0 0)
	(5.381416e+00 0 0)
	(5.400726e+00 0 0)
	(5.420036e+00 0 0)
	(5.439345e+00 0 0)
	(5.459142e+00 0 0)
	(5.479426e+00 0 0)
	(5.499711e+00 0 0)
	(5.519995e+00 0 0)
	(5.540279e+00 0 0)
	(5.560563e+00 0 0)
	(5.580848e+00 0 0)
	(5.601132e+00 0 0)
	(5.621416e+00 0 0)
	(5.641701e+00 0 0)
	(5.661985e+00 0 0)
	(5.682269e+00 0 0)
	(5.702553e+00 0 0)
	(5.722838e+00 0 0)
	(5.743122e+00 0 0)
	(5.763406e+00 0 0)
	(5.783497e+00 0 0)
	(5.801467e+00 0 0)
	(5.819437e+00 0 0)
	(5.837406e+00 0 0)
	(5.855376e+00 0 0)
	(5.873345e+00 0 0)
	(5.891315e+00 0 0)
	(5.909284e+00 0 0)
	(5.927254e+00 0 0)
	(5.945223e+00 0 0)
	(5.963193e+00 0 0)
	(5.981162e+00 0 0)
	(5.999132e+00 0 0)
	(6.017102e+00 0 0)
	(6.035071e+00 0 0)
	(6.053041e+00 0 0)
	(6.071010e+00 0 0)
	(6.087599e+00 0 0)
	(6.103497e+00 0 0)
	(6.119396e+00 0 0)
	(6.135294e+00 0 0)
	(6.151193e+00 0 0)
	(6.167091e+00 0 0)
	(6.182990e+00 0 0)
	(6.198888e+00 0 0)
	(6.214787e+00 0 0)
	(6.230685e+00 0 0)
	(6.246584e+00 0 0)
	(6.262482e+00 0 0)
	(6.278381e+00 0 0)
	(6.294279e+00 0 0)
	(6.310178e+00 0 0)
	(6.326076e+00 0 0)
	(6.341807e+00 0 0)
	(6.357036e+00 0 0)
	(6.372264e+00 0 0)
	(6.387492e+00 0 0)
	(6.402721e+00 0 0)
	(6.417949e+00 0 0)
	(6.433178e+00 0 0)
	(6.448406e+00 0 0)
	(6.463635e+00 0 0)
	(6.478863e+00 0 0)
	(6.494091e+00 0 0)
	(6.509320e+00 0 0)
	(6.524548e+00 0 0)
	(6.539777e+00 0 0)
	(6.555005e+00 0 0)
	(6.570234e+00 0 0)
	(6.585462e+00 0 0)
	(6.593330e+00 0 0)
	(6.599726e+00 0 0)
	(6.606122e+00 0 0)
	(6.612518e+00 0 0)
	(6.618914e+00 0 0)
	(6.625310e+00 0 0)
	(6.631706e+00 0 0)
	(6.638102e+00 0 0)
	(6.644497e+00 0 0)
	(6.650893e+00 0 0)
	(6.657289e+00 0 0)
	(6.663685e+00 0 0)
	(6.670081e+00 0 0)
	(6.676477e+00 0 0)
	(6.682873e+00 0 0)
	(6.689269e+00 0 0)
	(6.694472e+00 0 0)
	(6.698005e+00 0 0)
	(6.701538e+00 0 0)
	(6.705071e+00 0 0)
	(6.708604e+00 0 0)
	(6.712137e+00 0 0)
	(6.715670e+00 0 0)
	(6.719203e+00 0 0)
	(6.722736e+00 0 0)
	(6.726269e+00 0 0)
	(6.729802e+00 0 0)
	(6.733335e+00 0 0)
	(6.736868e+00 0 0)
	(6.740401e+00 0 0)
	(6.743934e+00 0 0)
	(6.747467e+00 0 0)
	(6.751000e+00 0 0)
	(6.750000e+00 0 0)
	(6.750000e+00 0 0)
)
