400
(
    7.84000000e-02
    7.90721407e-02
    7.94687827e-02
    7.93002990e-02
    8.73781595e-02
    9.97906369e-02
    1.12203114e-01
    1.21246058e-01
    1.22821388e-01
    1.24396718e-01
    1.25972048e-01
    1.28334102e-01
    1.30723520e-01
    1.33112938e-01
    1.35502357e-01
    1.37891775e-01
    1.39612165e-01
    1.41297032e-01
    1.42981898e-01
    1.44666765e-01
    1.46351632e-01
    1.48036498e-01
    1.49721365e-01
    1.51406231e-01
    1.52683937e-01
    1.53676630e-01
    1.54669324e-01
    1.55662017e-01
    1.56654710e-01
    1.57647403e-01
    1.58640096e-01
    1.59632790e-01
    1.60520617e-01
    1.61051124e-01
    1.61581631e-01
    1.62112137e-01
    1.62642644e-01
    1.63173151e-01
    1.63703658e-01
    1.64234165e-01
    1.64764671e-01
    1.63760763e-01
    1.62518498e-01
    1.61276234e-01
    1.60033970e-01
    1.58791706e-01
    1.57549441e-01
    1.56307177e-01
    1.55064913e-01
    1.55520920e-01
    1.57646893e-01
    1.59772867e-01
    1.61898841e-01
    1.64024815e-01
    1.66150789e-01
    1.68276763e-01
    1.70402737e-01
    1.72077984e-01
    1.71048873e-01
    1.70019763e-01
    1.68990652e-01
    1.67961541e-01
    1.66932430e-01
    1.65903319e-01
    1.64874209e-01
    1.63845098e-01
    1.63498363e-01
    1.63342399e-01
    1.63186436e-01
    1.63030473e-01
    1.62874510e-01
    1.62718546e-01
    1.62562583e-01
    1.62406620e-01
    1.62250657e-01
    1.62094693e-01
    1.61938730e-01
    1.61782767e-01
    1.61626804e-01
    1.61470840e-01
    1.61314877e-01
    1.61158914e-01
    1.61002951e-01
    1.60846987e-01
    1.60691024e-01
    1.60535061e-01
    1.60379098e-01
    1.60223134e-01
    1.60067171e-01
    1.59911208e-01
    1.59755245e-01
    1.59599281e-01
    1.59443318e-01
    1.59287355e-01
    1.59131392e-01
    1.58975428e-01
    1.58819465e-01
    1.58663502e-01
    1.58507539e-01
    1.57677751e-01
    1.55517161e-01
    1.53356571e-01
    1.51195981e-01
    1.49035391e-01
    1.46874801e-01
    1.44714211e-01
    1.42553621e-01
    1.40393031e-01
    1.38232441e-01
    1.36071851e-01
    1.33911261e-01
    1.31750671e-01
    1.29590081e-01
    1.27429491e-01
    1.25268901e-01
    1.23108311e-01
    1.20947721e-01
    1.18787131e-01
    1.16626541e-01
    1.14465951e-01
    1.12305361e-01
    1.10144771e-01
    1.07984181e-01
    1.05823591e-01
    1.03663001e-01
    1.01502411e-01
    9.93418209e-02
    9.71812309e-02
    9.50206409e-02
    9.28600509e-02
    9.06994609e-02
    8.85388709e-02
    8.63782808e-02
    8.43812651e-02
    8.24043103e-02
    8.04273555e-02
    7.84504008e-02
    7.64734460e-02
    7.44964912e-02
    7.25195364e-02
    7.05425817e-02
    6.85656269e-02
    6.65886721e-02
    6.46117173e-02
    6.26347626e-02
    6.06578078e-02
    5.86808530e-02
    5.67038982e-02
    5.47269435e-02
    5.27499887e-02
    5.07730339e-02
    4.87960791e-02
    4.68191244e-02
    4.48421696e-02
    4.28652148e-02
    4.08882601e-02
    3.89113053e-02
    3.69343505e-02
    3.49573957e-02
    3.29804410e-02
    3.10034862e-02
    2.90265314e-02
    2.70495766e-02
    2.50726219e-02
    2.30956671e-02
    2.11187123e-02
    1.98285437e-02
    1.93936181e-02
    1.89586925e-02
    1.85237670e-02
    1.80888414e-02
    1.76539158e-02
    1.72189903e-02
    1.67840647e-02
    1.63491391e-02
    1.59142136e-02
    1.54792880e-02
    1.50443624e-02
    1.46094369e-02
    1.41745113e-02
    1.37395857e-02
    1.33046602e-02
    1.28697346e-02
    1.24348090e-02
    1.19998835e-02
    1.15649579e-02
    1.11300323e-02
    1.06951068e-02
    1.02601812e-02
    9.82525565e-03
    9.39033009e-03
    8.95540452e-03
    8.52047896e-03
    8.08555339e-03
    7.65062783e-03
    7.21570226e-03
    6.78077670e-03
    6.34585113e-03
    5.91092557e-03
    5.47600000e-03

    7.84000000e-02
    7.90721407e-02
    7.94687827e-02
    7.93002990e-02
    8.73781595e-02
    9.97906369e-02
    1.12203114e-01
    1.21246058e-01
    1.22821388e-01
    1.24396718e-01
    1.25972048e-01
    1.28334102e-01
    1.30723520e-01
    1.33112938e-01
    1.35502357e-01
    1.37891775e-01
    1.39612165e-01
    1.41297032e-01
    1.42981898e-01
    1.44666765e-01
    1.46351632e-01
    1.48036498e-01
    1.49721365e-01
    1.51406231e-01
    1.52683937e-01
    1.53676630e-01
    1.54669324e-01
    1.55662017e-01
    1.56654710e-01
    1.57647403e-01
    1.58640096e-01
    1.59632790e-01
    1.60520617e-01
    1.61051124e-01
    1.61581631e-01
    1.62112137e-01
    1.62642644e-01
    1.63173151e-01
    1.63703658e-01
    1.64234165e-01
    1.64764671e-01
    1.63760763e-01
    1.62518498e-01
    1.61276234e-01
    1.60033970e-01
    1.58791706e-01
    1.57549441e-01
    1.56307177e-01
    1.55064913e-01
    1.55520920e-01
    1.57646893e-01
    1.59772867e-01
    1.61898841e-01
    1.64024815e-01
    1.66150789e-01
    1.68276763e-01
    1.70402737e-01
    1.72077984e-01
    1.71048873e-01
    1.70019763e-01
    1.68990652e-01
    1.67961541e-01
    1.66932430e-01
    1.65903319e-01
    1.64874209e-01
    1.63845098e-01
    1.63498363e-01
    1.63342399e-01
    1.63186436e-01
    1.63030473e-01
    1.62874510e-01
    1.62718546e-01
    1.62562583e-01
    1.62406620e-01
    1.62250657e-01
    1.62094693e-01
    1.61938730e-01
    1.61782767e-01
    1.61626804e-01
    1.61470840e-01
    1.61314877e-01
    1.61158914e-01
    1.61002951e-01
    1.60846987e-01
    1.60691024e-01
    1.60535061e-01
    1.60379098e-01
    1.60223134e-01
    1.60067171e-01
    1.59911208e-01
    1.59755245e-01
    1.59599281e-01
    1.59443318e-01
    1.59287355e-01
    1.59131392e-01
    1.58975428e-01
    1.58819465e-01
    1.58663502e-01
    1.58507539e-01
    1.57677751e-01
    1.55517161e-01
    1.53356571e-01
    1.51195981e-01
    1.49035391e-01
    1.46874801e-01
    1.44714211e-01
    1.42553621e-01
    1.40393031e-01
    1.38232441e-01
    1.36071851e-01
    1.33911261e-01
    1.31750671e-01
    1.29590081e-01
    1.27429491e-01
    1.25268901e-01
    1.23108311e-01
    1.20947721e-01
    1.18787131e-01
    1.16626541e-01
    1.14465951e-01
    1.12305361e-01
    1.10144771e-01
    1.07984181e-01
    1.05823591e-01
    1.03663001e-01
    1.01502411e-01
    9.93418209e-02
    9.71812309e-02
    9.50206409e-02
    9.28600509e-02
    9.06994609e-02
    8.85388709e-02
    8.63782808e-02
    8.43812651e-02
    8.24043103e-02
    8.04273555e-02
    7.84504008e-02
    7.64734460e-02
    7.44964912e-02
    7.25195364e-02
    7.05425817e-02
    6.85656269e-02
    6.65886721e-02
    6.46117173e-02
    6.26347626e-02
    6.06578078e-02
    5.86808530e-02
    5.67038982e-02
    5.47269435e-02
    5.27499887e-02
    5.07730339e-02
    4.87960791e-02
    4.68191244e-02
    4.48421696e-02
    4.28652148e-02
    4.08882601e-02
    3.89113053e-02
    3.69343505e-02
    3.49573957e-02
    3.29804410e-02
    3.10034862e-02
    2.90265314e-02
    2.70495766e-02
    2.50726219e-02
    2.30956671e-02
    2.11187123e-02
    1.98285437e-02
    1.93936181e-02
    1.89586925e-02
    1.85237670e-02
    1.80888414e-02
    1.76539158e-02
    1.72189903e-02
    1.67840647e-02
    1.63491391e-02
    1.59142136e-02
    1.54792880e-02
    1.50443624e-02
    1.46094369e-02
    1.41745113e-02
    1.37395857e-02
    1.33046602e-02
    1.28697346e-02
    1.24348090e-02
    1.19998835e-02
    1.15649579e-02
    1.11300323e-02
    1.06951068e-02
    1.02601812e-02
    9.82525565e-03
    9.39033009e-03
    8.95540452e-03
    8.52047896e-03
    8.08555339e-03
    7.65062783e-03
    7.21570226e-03
    6.78077670e-03
    6.34585113e-03
    5.91092557e-03
    5.47600000e-03
)
