400
(
    8.00000000e+08
    5.54087334e+01
    4.04213150e+01
    3.17362943e+01
    2.74404525e+01
    2.49297538e+01
    2.29892749e+01
    2.11420800e+01
    1.90789852e+01
    1.74018065e+01
    1.60113681e+01
    1.48854953e+01
    1.39246058e+01
    1.30936127e+01
    1.23676784e+01
    1.17279231e+01
    1.11330960e+01
    1.06002488e+01
    1.01212164e+01
    9.68819502e+00
    9.29482113e+00
    8.93585372e+00
    8.60693724e+00
    8.30442215e+00
    8.01454838e+00
    7.73910229e+00
    7.48348611e+00
    7.24562576e+00
    7.02372672e+00
    6.81622850e+00
    6.62176768e+00
    6.43914774e+00
    6.26526814e+00
    6.09461464e+00
    5.93351293e+00
    5.78118169e+00
    5.63692256e+00
    5.50010943e+00
    5.37017929e+00
    5.24662453e+00
    5.12898625e+00
    4.99350885e+00
    4.86062681e+00
    4.73362456e+00
    4.61211508e+00
    4.49574454e+00
    4.38418876e+00
    4.27715019e+00
    4.17435523e+00
    4.09798807e+00
    4.04605526e+00
    3.99591389e+00
    3.94746737e+00
    3.90062602e+00
    3.85530655e+00
    3.81143140e+00
    3.76892832e+00
    3.72285743e+00
    3.64950691e+00
    3.57854184e+00
    3.50984588e+00
    3.44331013e+00
    3.37883252e+00
    3.31631727e+00
    3.25567447e+00
    3.19681956e+00
    3.14624544e+00
    3.09895095e+00
    3.05301339e+00
    3.00837515e+00
    2.96498186e+00
    2.92278212e+00
    2.88172732e+00
    2.84177147e+00
    2.80287099e+00
    2.76498460e+00
    2.72807312e+00
    2.69209937e+00
    2.65702806e+00
    2.62282560e+00
    2.58946010e+00
    2.55690117e+00
    2.52511990e+00
    2.49408874e+00
    2.46378141e+00
    2.43417286e+00
    2.40523918e+00
    2.37695754e+00
    2.34930612e+00
    2.32226406e+00
    2.29581144e+00
    2.26992915e+00
    2.24459895e+00
    2.21980333e+00
    2.19552552e+00
    2.17174947e+00
    2.14845975e+00
    2.12564158e+00
    2.10328076e+00
    2.07693060e+00
    2.04236462e+00
    2.00837436e+00
    1.97494113e+00
    1.94204684e+00
    1.90967405e+00
    1.87780587e+00
    1.84642595e+00
    1.81551848e+00
    1.78506812e+00
    1.75505999e+00
    1.72547966e+00
    1.69631308e+00
    1.66754662e+00
    1.63916700e+00
    1.61116127e+00
    1.58351680e+00
    1.55622128e+00
    1.52926266e+00
    1.50262914e+00
    1.47630916e+00
    1.45029140e+00
    1.42456470e+00
    1.39911810e+00
    1.37394079e+00
    1.34902210e+00
    1.32435148e+00
    1.29991847e+00
    1.27571268e+00
    1.25172377e+00
    1.22794145e+00
    1.20435541e+00
    1.18095532e+00
    1.15773081e+00
    1.13577282e+00
    1.11411625e+00
    1.09261743e+00
    1.07126705e+00
    1.05005571e+00
    1.02897389e+00
    1.00801188e+00
    9.87159794e-01
    9.66407498e-01
    9.45744578e-01
    9.25160288e-01
    9.04643498e-01
    8.84182629e-01
    8.63765581e-01
    8.43379659e-01
    8.23011469e-01
    8.02646822e-01
    7.82270598e-01
    7.61866604e-01
    7.41417398e-01
    7.20904083e-01
    7.00306053e-01
    6.79600696e-01
    6.58763026e-01
    6.37765224e-01
    6.16576080e-01
    5.95160275e-01
    5.73477476e-01
    5.51481159e-01
    5.29117062e-01
    5.06321115e-01
    4.83016613e-01
    4.59110265e-01
    4.42212282e-01
    4.34742767e-01
    4.27306951e-01
    4.19902370e-01
    4.12526509e-01
    4.05176794e-01
    3.97850580e-01
    3.90545146e-01
    3.83257681e-01
    3.75985276e-01
    3.68724907e-01
    3.61473425e-01
    3.54227537e-01
    3.46983786e-01
    3.39738537e-01
    3.32487945e-01
    3.25227932e-01
    3.17954158e-01
    3.10661978e-01
    3.03346407e-01
    2.96002066e-01
    2.88623124e-01
    2.81203233e-01
    2.73735440e-01
    2.66212092e-01
    2.58624715e-01
    2.50963867e-01
    2.43218954e-01
    2.35378012e-01
    2.27427411e-01
    2.19351499e-01
    2.11132126e-01
    2.02748022e-01
    1.94173962e-01

    8.00000000e+08
    5.54087334e+01
    4.04213150e+01
    3.17362943e+01
    2.74404525e+01
    2.49297538e+01
    2.29892749e+01
    2.11420800e+01
    1.90789852e+01
    1.74018065e+01
    1.60113681e+01
    1.48854953e+01
    1.39246058e+01
    1.30936127e+01
    1.23676784e+01
    1.17279231e+01
    1.11330960e+01
    1.06002488e+01
    1.01212164e+01
    9.68819502e+00
    9.29482113e+00
    8.93585372e+00
    8.60693724e+00
    8.30442215e+00
    8.01454838e+00
    7.73910229e+00
    7.48348611e+00
    7.24562576e+00
    7.02372672e+00
    6.81622850e+00
    6.62176768e+00
    6.43914774e+00
    6.26526814e+00
    6.09461464e+00
    5.93351293e+00
    5.78118169e+00
    5.63692256e+00
    5.50010943e+00
    5.37017929e+00
    5.24662453e+00
    5.12898625e+00
    4.99350885e+00
    4.86062681e+00
    4.73362456e+00
    4.61211508e+00
    4.49574454e+00
    4.38418876e+00
    4.27715019e+00
    4.17435523e+00
    4.09798807e+00
    4.04605526e+00
    3.99591389e+00
    3.94746737e+00
    3.90062602e+00
    3.85530655e+00
    3.81143140e+00
    3.76892832e+00
    3.72285743e+00
    3.64950691e+00
    3.57854184e+00
    3.50984588e+00
    3.44331013e+00
    3.37883252e+00
    3.31631727e+00
    3.25567447e+00
    3.19681956e+00
    3.14624544e+00
    3.09895095e+00
    3.05301339e+00
    3.00837515e+00
    2.96498186e+00
    2.92278212e+00
    2.88172732e+00
    2.84177147e+00
    2.80287099e+00
    2.76498460e+00
    2.72807312e+00
    2.69209937e+00
    2.65702806e+00
    2.62282560e+00
    2.58946010e+00
    2.55690117e+00
    2.52511990e+00
    2.49408874e+00
    2.46378141e+00
    2.43417286e+00
    2.40523918e+00
    2.37695754e+00
    2.34930612e+00
    2.32226406e+00
    2.29581144e+00
    2.26992915e+00
    2.24459895e+00
    2.21980333e+00
    2.19552552e+00
    2.17174947e+00
    2.14845975e+00
    2.12564158e+00
    2.10328076e+00
    2.07693060e+00
    2.04236462e+00
    2.00837436e+00
    1.97494113e+00
    1.94204684e+00
    1.90967405e+00
    1.87780587e+00
    1.84642595e+00
    1.81551848e+00
    1.78506812e+00
    1.75505999e+00
    1.72547966e+00
    1.69631308e+00
    1.66754662e+00
    1.63916700e+00
    1.61116127e+00
    1.58351680e+00
    1.55622128e+00
    1.52926266e+00
    1.50262914e+00
    1.47630916e+00
    1.45029140e+00
    1.42456470e+00
    1.39911810e+00
    1.37394079e+00
    1.34902210e+00
    1.32435148e+00
    1.29991847e+00
    1.27571268e+00
    1.25172377e+00
    1.22794145e+00
    1.20435541e+00
    1.18095532e+00
    1.15773081e+00
    1.13577282e+00
    1.11411625e+00
    1.09261743e+00
    1.07126705e+00
    1.05005571e+00
    1.02897389e+00
    1.00801188e+00
    9.87159794e-01
    9.66407498e-01
    9.45744578e-01
    9.25160288e-01
    9.04643498e-01
    8.84182629e-01
    8.63765581e-01
    8.43379659e-01
    8.23011469e-01
    8.02646822e-01
    7.82270598e-01
    7.61866604e-01
    7.41417398e-01
    7.20904083e-01
    7.00306053e-01
    6.79600696e-01
    6.58763026e-01
    6.37765224e-01
    6.16576080e-01
    5.95160275e-01
    5.73477476e-01
    5.51481159e-01
    5.29117062e-01
    5.06321115e-01
    4.83016613e-01
    4.59110265e-01
    4.42212282e-01
    4.34742767e-01
    4.27306951e-01
    4.19902370e-01
    4.12526509e-01
    4.05176794e-01
    3.97850580e-01
    3.90545146e-01
    3.83257681e-01
    3.75985276e-01
    3.68724907e-01
    3.61473425e-01
    3.54227537e-01
    3.46983786e-01
    3.39738537e-01
    3.32487945e-01
    3.25227932e-01
    3.17954158e-01
    3.10661978e-01
    3.03346407e-01
    2.96002066e-01
    2.88623124e-01
    2.81203233e-01
    2.73735440e-01
    2.66212092e-01
    2.58624715e-01
    2.50963867e-01
    2.43218954e-01
    2.35378012e-01
    2.27427411e-01
    2.19351499e-01
    2.11132126e-01
    2.02748022e-01
    1.94173962e-01
)
