400
(
    (1.18600000e+00	0	0)
    (1.20453769e+00	0	0)
    (1.22817085e+00	0	0)
    (1.26225628e+00	0	0)
    (1.30966834e+00	0	0)
    (1.36408543e+00	0	0)
    (1.41850251e+00	0	0)
    (1.46204271e+00	0	0)
    (1.48147739e+00	0	0)
    (1.50091206e+00	0	0)
    (1.52034673e+00	0	0)
    (1.55471022e+00	0	0)
    (1.58959296e+00	0	0)
    (1.62447571e+00	0	0)
    (1.65935846e+00	0	0)
    (1.69424121e+00	0	0)
    (1.70116734e+00	0	0)
    (1.70660905e+00	0	0)
    (1.71205075e+00	0	0)
    (1.71749246e+00	0	0)
    (1.72293417e+00	0	0)
    (1.72837588e+00	0	0)
    (1.73381759e+00	0	0)
    (1.73925930e+00	0	0)
    (1.74751508e+00	0	0)
    (1.75774070e+00	0	0)
    (1.76796633e+00	0	0)
    (1.77819196e+00	0	0)
    (1.78841759e+00	0	0)
    (1.79864322e+00	0	0)
    (1.80886884e+00	0	0)
    (1.81909447e+00	0	0)
    (1.82925226e+00	0	0)
    (1.83917889e+00	0	0)
    (1.84910553e+00	0	0)
    (1.85903216e+00	0	0)
    (1.86895879e+00	0	0)
    (1.87888543e+00	0	0)
    (1.88881206e+00	0	0)
    (1.89873869e+00	0	0)
    (1.90866533e+00	0	0)
    (1.92030000e+00	0	0)
    (1.93220000e+00	0	0)
    (1.94410000e+00	0	0)
    (1.95600000e+00	0	0)
    (1.96790000e+00	0	0)
    (1.97980000e+00	0	0)
    (1.99170000e+00	0	0)
    (2.00360000e+00	0	0)
    (2.01510804e+00	0	0)
    (2.02623065e+00	0	0)
    (2.03735327e+00	0	0)
    (2.04847588e+00	0	0)
    (2.05959849e+00	0	0)
    (2.07072111e+00	0	0)
    (2.08184372e+00	0	0)
    (2.09296633e+00	0	0)
    (2.10367889e+00	0	0)
    (2.11193116e+00	0	0)
    (2.12018342e+00	0	0)
    (2.12843568e+00	0	0)
    (2.13668794e+00	0	0)
    (2.14494020e+00	0	0)
    (2.15319246e+00	0	0)
    (2.16144472e+00	0	0)
    (2.16969698e+00	0	0)
    (2.17900075e+00	0	0)
    (2.18859849e+00	0	0)
    (2.19819623e+00	0	0)
    (2.20779397e+00	0	0)
    (2.21739171e+00	0	0)
    (2.22698945e+00	0	0)
    (2.23658719e+00	0	0)
    (2.24618492e+00	0	0)
    (2.25578266e+00	0	0)
    (2.26538040e+00	0	0)
    (2.27497814e+00	0	0)
    (2.28457588e+00	0	0)
    (2.29417362e+00	0	0)
    (2.30377136e+00	0	0)
    (2.31336910e+00	0	0)
    (2.32296683e+00	0	0)
    (2.33256457e+00	0	0)
    (2.34216231e+00	0	0)
    (2.35176005e+00	0	0)
    (2.36135779e+00	0	0)
    (2.37095553e+00	0	0)
    (2.38055327e+00	0	0)
    (2.39015101e+00	0	0)
    (2.39974874e+00	0	0)
    (2.40934648e+00	0	0)
    (2.41894422e+00	0	0)
    (2.42854196e+00	0	0)
    (2.43813970e+00	0	0)
    (2.44773744e+00	0	0)
    (2.45733518e+00	0	0)
    (2.46693291e+00	0	0)
    (2.47653065e+00	0	0)
    (2.48612839e+00	0	0)
    (2.49615829e+00	0	0)
    (2.50704171e+00	0	0)
    (2.51792513e+00	0	0)
    (2.52880854e+00	0	0)
    (2.53969196e+00	0	0)
    (2.55057538e+00	0	0)
    (2.56145879e+00	0	0)
    (2.57234221e+00	0	0)
    (2.58322563e+00	0	0)
    (2.59410905e+00	0	0)
    (2.60499246e+00	0	0)
    (2.61587588e+00	0	0)
    (2.62675930e+00	0	0)
    (2.63764271e+00	0	0)
    (2.64852613e+00	0	0)
    (2.65940955e+00	0	0)
    (2.67029296e+00	0	0)
    (2.68117638e+00	0	0)
    (2.69205980e+00	0	0)
    (2.70294322e+00	0	0)
    (2.71382663e+00	0	0)
    (2.72471005e+00	0	0)
    (2.73559347e+00	0	0)
    (2.74647688e+00	0	0)
    (2.75736030e+00	0	0)
    (2.76824372e+00	0	0)
    (2.77912714e+00	0	0)
    (2.79001055e+00	0	0)
    (2.80089397e+00	0	0)
    (2.81177739e+00	0	0)
    (2.82266080e+00	0	0)
    (2.83354422e+00	0	0)
    (2.84442764e+00	0	0)
    (2.85531106e+00	0	0)
    (2.86191985e+00	0	0)
    (2.86800440e+00	0	0)
    (2.87408894e+00	0	0)
    (2.88017349e+00	0	0)
    (2.88625804e+00	0	0)
    (2.89234259e+00	0	0)
    (2.89842714e+00	0	0)
    (2.90451168e+00	0	0)
    (2.91059623e+00	0	0)
    (2.91668078e+00	0	0)
    (2.92276533e+00	0	0)
    (2.92884987e+00	0	0)
    (2.93493442e+00	0	0)
    (2.94101897e+00	0	0)
    (2.94710352e+00	0	0)
    (2.95318807e+00	0	0)
    (2.95927261e+00	0	0)
    (2.96535716e+00	0	0)
    (2.97144171e+00	0	0)
    (2.97752626e+00	0	0)
    (2.98361080e+00	0	0)
    (2.98969535e+00	0	0)
    (2.99577990e+00	0	0)
    (3.00186445e+00	0	0)
    (3.00794899e+00	0	0)
    (3.01403354e+00	0	0)
    (3.02011809e+00	0	0)
    (3.02620264e+00	0	0)
    (3.03228719e+00	0	0)
    (3.03837173e+00	0	0)
    (3.04445628e+00	0	0)
    (3.05054083e+00	0	0)
    (3.05662538e+00	0	0)
    (3.06053932e+00	0	0)
    (3.06175025e+00	0	0)
    (3.06296118e+00	0	0)
    (3.06417211e+00	0	0)
    (3.06538304e+00	0	0)
    (3.06659397e+00	0	0)
    (3.06780490e+00	0	0)
    (3.06901583e+00	0	0)
    (3.07022676e+00	0	0)
    (3.07143769e+00	0	0)
    (3.07264862e+00	0	0)
    (3.07385955e+00	0	0)
    (3.07507048e+00	0	0)
    (3.07628141e+00	0	0)
    (3.07749234e+00	0	0)
    (3.07870327e+00	0	0)
    (3.07991420e+00	0	0)
    (3.08112513e+00	0	0)
    (3.08233606e+00	0	0)
    (3.08354698e+00	0	0)
    (3.08475791e+00	0	0)
    (3.08596884e+00	0	0)
    (3.08717977e+00	0	0)
    (3.08839070e+00	0	0)
    (3.08960163e+00	0	0)
    (3.09081256e+00	0	0)
    (3.09202349e+00	0	0)
    (3.09323442e+00	0	0)
    (3.09444535e+00	0	0)
    (3.09565628e+00	0	0)
    (3.09686721e+00	0	0)
    (3.09807814e+00	0	0)
    (3.09928907e+00	0	0)
    (3.10050000e+00	0	0)

    (1.18600000e+00	0	0)
    (1.20453769e+00	0	0)
    (1.22817085e+00	0	0)
    (1.26225628e+00	0	0)
    (1.30966834e+00	0	0)
    (1.36408543e+00	0	0)
    (1.41850251e+00	0	0)
    (1.46204271e+00	0	0)
    (1.48147739e+00	0	0)
    (1.50091206e+00	0	0)
    (1.52034673e+00	0	0)
    (1.55471022e+00	0	0)
    (1.58959296e+00	0	0)
    (1.62447571e+00	0	0)
    (1.65935846e+00	0	0)
    (1.69424121e+00	0	0)
    (1.70116734e+00	0	0)
    (1.70660905e+00	0	0)
    (1.71205075e+00	0	0)
    (1.71749246e+00	0	0)
    (1.72293417e+00	0	0)
    (1.72837588e+00	0	0)
    (1.73381759e+00	0	0)
    (1.73925930e+00	0	0)
    (1.74751508e+00	0	0)
    (1.75774070e+00	0	0)
    (1.76796633e+00	0	0)
    (1.77819196e+00	0	0)
    (1.78841759e+00	0	0)
    (1.79864322e+00	0	0)
    (1.80886884e+00	0	0)
    (1.81909447e+00	0	0)
    (1.82925226e+00	0	0)
    (1.83917889e+00	0	0)
    (1.84910553e+00	0	0)
    (1.85903216e+00	0	0)
    (1.86895879e+00	0	0)
    (1.87888543e+00	0	0)
    (1.88881206e+00	0	0)
    (1.89873869e+00	0	0)
    (1.90866533e+00	0	0)
    (1.92030000e+00	0	0)
    (1.93220000e+00	0	0)
    (1.94410000e+00	0	0)
    (1.95600000e+00	0	0)
    (1.96790000e+00	0	0)
    (1.97980000e+00	0	0)
    (1.99170000e+00	0	0)
    (2.00360000e+00	0	0)
    (2.01510804e+00	0	0)
    (2.02623065e+00	0	0)
    (2.03735327e+00	0	0)
    (2.04847588e+00	0	0)
    (2.05959849e+00	0	0)
    (2.07072111e+00	0	0)
    (2.08184372e+00	0	0)
    (2.09296633e+00	0	0)
    (2.10367889e+00	0	0)
    (2.11193116e+00	0	0)
    (2.12018342e+00	0	0)
    (2.12843568e+00	0	0)
    (2.13668794e+00	0	0)
    (2.14494020e+00	0	0)
    (2.15319246e+00	0	0)
    (2.16144472e+00	0	0)
    (2.16969698e+00	0	0)
    (2.17900075e+00	0	0)
    (2.18859849e+00	0	0)
    (2.19819623e+00	0	0)
    (2.20779397e+00	0	0)
    (2.21739171e+00	0	0)
    (2.22698945e+00	0	0)
    (2.23658719e+00	0	0)
    (2.24618492e+00	0	0)
    (2.25578266e+00	0	0)
    (2.26538040e+00	0	0)
    (2.27497814e+00	0	0)
    (2.28457588e+00	0	0)
    (2.29417362e+00	0	0)
    (2.30377136e+00	0	0)
    (2.31336910e+00	0	0)
    (2.32296683e+00	0	0)
    (2.33256457e+00	0	0)
    (2.34216231e+00	0	0)
    (2.35176005e+00	0	0)
    (2.36135779e+00	0	0)
    (2.37095553e+00	0	0)
    (2.38055327e+00	0	0)
    (2.39015101e+00	0	0)
    (2.39974874e+00	0	0)
    (2.40934648e+00	0	0)
    (2.41894422e+00	0	0)
    (2.42854196e+00	0	0)
    (2.43813970e+00	0	0)
    (2.44773744e+00	0	0)
    (2.45733518e+00	0	0)
    (2.46693291e+00	0	0)
    (2.47653065e+00	0	0)
    (2.48612839e+00	0	0)
    (2.49615829e+00	0	0)
    (2.50704171e+00	0	0)
    (2.51792513e+00	0	0)
    (2.52880854e+00	0	0)
    (2.53969196e+00	0	0)
    (2.55057538e+00	0	0)
    (2.56145879e+00	0	0)
    (2.57234221e+00	0	0)
    (2.58322563e+00	0	0)
    (2.59410905e+00	0	0)
    (2.60499246e+00	0	0)
    (2.61587588e+00	0	0)
    (2.62675930e+00	0	0)
    (2.63764271e+00	0	0)
    (2.64852613e+00	0	0)
    (2.65940955e+00	0	0)
    (2.67029296e+00	0	0)
    (2.68117638e+00	0	0)
    (2.69205980e+00	0	0)
    (2.70294322e+00	0	0)
    (2.71382663e+00	0	0)
    (2.72471005e+00	0	0)
    (2.73559347e+00	0	0)
    (2.74647688e+00	0	0)
    (2.75736030e+00	0	0)
    (2.76824372e+00	0	0)
    (2.77912714e+00	0	0)
    (2.79001055e+00	0	0)
    (2.80089397e+00	0	0)
    (2.81177739e+00	0	0)
    (2.82266080e+00	0	0)
    (2.83354422e+00	0	0)
    (2.84442764e+00	0	0)
    (2.85531106e+00	0	0)
    (2.86191985e+00	0	0)
    (2.86800440e+00	0	0)
    (2.87408894e+00	0	0)
    (2.88017349e+00	0	0)
    (2.88625804e+00	0	0)
    (2.89234259e+00	0	0)
    (2.89842714e+00	0	0)
    (2.90451168e+00	0	0)
    (2.91059623e+00	0	0)
    (2.91668078e+00	0	0)
    (2.92276533e+00	0	0)
    (2.92884987e+00	0	0)
    (2.93493442e+00	0	0)
    (2.94101897e+00	0	0)
    (2.94710352e+00	0	0)
    (2.95318807e+00	0	0)
    (2.95927261e+00	0	0)
    (2.96535716e+00	0	0)
    (2.97144171e+00	0	0)
    (2.97752626e+00	0	0)
    (2.98361080e+00	0	0)
    (2.98969535e+00	0	0)
    (2.99577990e+00	0	0)
    (3.00186445e+00	0	0)
    (3.00794899e+00	0	0)
    (3.01403354e+00	0	0)
    (3.02011809e+00	0	0)
    (3.02620264e+00	0	0)
    (3.03228719e+00	0	0)
    (3.03837173e+00	0	0)
    (3.04445628e+00	0	0)
    (3.05054083e+00	0	0)
    (3.05662538e+00	0	0)
    (3.06053932e+00	0	0)
    (3.06175025e+00	0	0)
    (3.06296118e+00	0	0)
    (3.06417211e+00	0	0)
    (3.06538304e+00	0	0)
    (3.06659397e+00	0	0)
    (3.06780490e+00	0	0)
    (3.06901583e+00	0	0)
    (3.07022676e+00	0	0)
    (3.07143769e+00	0	0)
    (3.07264862e+00	0	0)
    (3.07385955e+00	0	0)
    (3.07507048e+00	0	0)
    (3.07628141e+00	0	0)
    (3.07749234e+00	0	0)
    (3.07870327e+00	0	0)
    (3.07991420e+00	0	0)
    (3.08112513e+00	0	0)
    (3.08233606e+00	0	0)
    (3.08354698e+00	0	0)
    (3.08475791e+00	0	0)
    (3.08596884e+00	0	0)
    (3.08717977e+00	0	0)
    (3.08839070e+00	0	0)
    (3.08960163e+00	0	0)
    (3.09081256e+00	0	0)
    (3.09202349e+00	0	0)
    (3.09323442e+00	0	0)
    (3.09444535e+00	0	0)
    (3.09565628e+00	0	0)
    (3.09686721e+00	0	0)
    (3.09807814e+00	0	0)
    (3.09928907e+00	0	0)
    (3.10050000e+00	0	0)

)
