400
(
    0.00000000e+00
    3.33811917e-01
    3.94610148e-01
    4.13201005e-01
    4.29934673e-01
    4.44185930e-01
    4.56623116e-01
    4.69060302e-01
    4.81497487e-01
    4.93618090e-01
    5.04020101e-01
    5.14422111e-01
    5.24824121e-01
    5.35226131e-01
    5.43969849e-01
    5.52110553e-01
    5.60251256e-01
    5.68391960e-01
    5.74773869e-01
    5.77261307e-01
    5.79748744e-01
    5.82236181e-01
    5.84723618e-01
    5.93442211e-01
    6.02939698e-01
    6.12437186e-01
    6.21934673e-01
    6.27844221e-01
    6.29653266e-01
    6.31462312e-01
    6.33271357e-01
    6.35170854e-01
    6.39015075e-01
    6.42859296e-01
    6.46703518e-01
    6.50547739e-01
    6.46974874e-01
    6.49482574e-01
    6.55698492e-01
    6.52532663e-01
    6.50814070e-01
    6.54884422e-01
    6.58954774e-01
    6.59447236e-01
    6.59899497e-01
    6.60351759e-01
    6.60804020e-01
    6.59718593e-01
    6.57457286e-01
    6.55195980e-01
    6.52934673e-01
    6.50183417e-01
    6.44530151e-01
    6.38876884e-01
    6.33223618e-01
    6.27570352e-01
    6.23844221e-01
    6.20859296e-01
    6.17874372e-01
    6.14889447e-01
    6.11904523e-01
    6.08919598e-01
    6.05934673e-01
    6.02949749e-01
    5.99964824e-01
    5.96979899e-01
    5.93994975e-01
    5.88658291e-01
    5.82145729e-01
    5.75633166e-01
    5.69120603e-01
    5.62608040e-01
    5.56095477e-01
    5.49582915e-01
    5.43070352e-01
    5.36557789e-01
    5.30045226e-01
    5.23532663e-01
    5.16190955e-01
    5.08321608e-01
    5.00452261e-01
    4.92582915e-01
    4.84713568e-01
    4.76844221e-01
    4.68974874e-01
    4.61105528e-01
    4.53236181e-01
    4.45366834e-01
    4.37497487e-01
    4.29879397e-01
    4.22462312e-01
    4.15045226e-01
    4.07628141e-01
    4.00211055e-01
    3.92793970e-01
    3.85376884e-01
    3.77959799e-01
    3.70542714e-01
    3.63125628e-01
    3.55708543e-01
    3.47567839e-01
    3.38703518e-01
    3.29839196e-01
    3.20974874e-01
    3.12110553e-01
    3.03246231e-01
    2.94381910e-01
    2.85517588e-01
    2.76653266e-01
    2.67788945e-01
    2.58924623e-01
    2.50824121e-01
    2.43678392e-01
    2.36532663e-01
    2.29386935e-01
    2.22241206e-01
    2.15095477e-01
    2.07949749e-01
    2.00804020e-01
    1.93658291e-01
    1.86512563e-01
    1.79366834e-01
    1.72572864e-01
    1.66331658e-01
    1.60090452e-01
    1.53849246e-01
    1.47608040e-01
    1.41366834e-01
    1.35125628e-01
    1.28884422e-01
    1.22643216e-01
    1.16402010e-01
    1.10160804e-01
    1.05612347e-01
    1.04449390e-01
    1.03286432e-01
    1.02123475e-01
    1.00960517e-01
    9.97975592e-02
    9.86346016e-02
    9.74716439e-02
    9.63086863e-02
    9.51457286e-02
    9.39827710e-02
    9.28198134e-02
    9.16568557e-02
    9.04938981e-02
    8.93309404e-02
    8.81679828e-02
    8.70050251e-02
    8.58420675e-02
    8.46791098e-02
    8.35161522e-02
    8.23531945e-02
    8.11902369e-02
    8.00272793e-02
    7.88643216e-02
    7.77013640e-02
    7.65384063e-02
    7.53754487e-02
    7.42124910e-02
    7.30495334e-02
    7.18865757e-02
    7.07236181e-02
    6.97864322e-02
    6.92211055e-02
    6.86557789e-02
    6.80904523e-02
    6.75251256e-02
    6.69597990e-02
    6.63944724e-02
    6.58291457e-02
    6.52638191e-02
    6.46984925e-02
    6.41331658e-02
    6.35678392e-02
    6.30025126e-02
    6.24371859e-02
    6.18718593e-02
    6.13065327e-02
    6.07412060e-02
    6.01758794e-02
    5.96105528e-02
    5.90452261e-02
    5.84798995e-02
    5.79145729e-02
    5.73492462e-02
    5.67839196e-02
    5.62185930e-02
    5.56532663e-02
    5.50879397e-02
    5.45226131e-02
    5.39572864e-02
    5.33919598e-02
    5.28266332e-02
    5.22613065e-02
    5.16959799e-02
    5.11306533e-02
    5.05653266e-02
    5.00000000e-02

    0.00000000e+00
    3.33811917e-01
    3.94610148e-01
    4.13201005e-01
    4.29934673e-01
    4.44185930e-01
    4.56623116e-01
    4.69060302e-01
    4.81497487e-01
    4.93618090e-01
    5.04020101e-01
    5.14422111e-01
    5.24824121e-01
    5.35226131e-01
    5.43969849e-01
    5.52110553e-01
    5.60251256e-01
    5.68391960e-01
    5.74773869e-01
    5.77261307e-01
    5.79748744e-01
    5.82236181e-01
    5.84723618e-01
    5.93442211e-01
    6.02939698e-01
    6.12437186e-01
    6.21934673e-01
    6.27844221e-01
    6.29653266e-01
    6.31462312e-01
    6.33271357e-01
    6.35170854e-01
    6.39015075e-01
    6.42859296e-01
    6.46703518e-01
    6.50547739e-01
    6.46974874e-01
    6.49482574e-01
    6.55698492e-01
    6.52532663e-01
    6.50814070e-01
    6.54884422e-01
    6.58954774e-01
    6.59447236e-01
    6.59899497e-01
    6.60351759e-01
    6.60804020e-01
    6.59718593e-01
    6.57457286e-01
    6.55195980e-01
    6.52934673e-01
    6.50183417e-01
    6.44530151e-01
    6.38876884e-01
    6.33223618e-01
    6.27570352e-01
    6.23844221e-01
    6.20859296e-01
    6.17874372e-01
    6.14889447e-01
    6.11904523e-01
    6.08919598e-01
    6.05934673e-01
    6.02949749e-01
    5.99964824e-01
    5.96979899e-01
    5.93994975e-01
    5.88658291e-01
    5.82145729e-01
    5.75633166e-01
    5.69120603e-01
    5.62608040e-01
    5.56095477e-01
    5.49582915e-01
    5.43070352e-01
    5.36557789e-01
    5.30045226e-01
    5.23532663e-01
    5.16190955e-01
    5.08321608e-01
    5.00452261e-01
    4.92582915e-01
    4.84713568e-01
    4.76844221e-01
    4.68974874e-01
    4.61105528e-01
    4.53236181e-01
    4.45366834e-01
    4.37497487e-01
    4.29879397e-01
    4.22462312e-01
    4.15045226e-01
    4.07628141e-01
    4.00211055e-01
    3.92793970e-01
    3.85376884e-01
    3.77959799e-01
    3.70542714e-01
    3.63125628e-01
    3.55708543e-01
    3.47567839e-01
    3.38703518e-01
    3.29839196e-01
    3.20974874e-01
    3.12110553e-01
    3.03246231e-01
    2.94381910e-01
    2.85517588e-01
    2.76653266e-01
    2.67788945e-01
    2.58924623e-01
    2.50824121e-01
    2.43678392e-01
    2.36532663e-01
    2.29386935e-01
    2.22241206e-01
    2.15095477e-01
    2.07949749e-01
    2.00804020e-01
    1.93658291e-01
    1.86512563e-01
    1.79366834e-01
    1.72572864e-01
    1.66331658e-01
    1.60090452e-01
    1.53849246e-01
    1.47608040e-01
    1.41366834e-01
    1.35125628e-01
    1.28884422e-01
    1.22643216e-01
    1.16402010e-01
    1.10160804e-01
    1.05612347e-01
    1.04449390e-01
    1.03286432e-01
    1.02123475e-01
    1.00960517e-01
    9.97975592e-02
    9.86346016e-02
    9.74716439e-02
    9.63086863e-02
    9.51457286e-02
    9.39827710e-02
    9.28198134e-02
    9.16568557e-02
    9.04938981e-02
    8.93309404e-02
    8.81679828e-02
    8.70050251e-02
    8.58420675e-02
    8.46791098e-02
    8.35161522e-02
    8.23531945e-02
    8.11902369e-02
    8.00272793e-02
    7.88643216e-02
    7.77013640e-02
    7.65384063e-02
    7.53754487e-02
    7.42124910e-02
    7.30495334e-02
    7.18865757e-02
    7.07236181e-02
    6.97864322e-02
    6.92211055e-02
    6.86557789e-02
    6.80904523e-02
    6.75251256e-02
    6.69597990e-02
    6.63944724e-02
    6.58291457e-02
    6.52638191e-02
    6.46984925e-02
    6.41331658e-02
    6.35678392e-02
    6.30025126e-02
    6.24371859e-02
    6.18718593e-02
    6.13065327e-02
    6.07412060e-02
    6.01758794e-02
    5.96105528e-02
    5.90452261e-02
    5.84798995e-02
    5.79145729e-02
    5.73492462e-02
    5.67839196e-02
    5.62185930e-02
    5.56532663e-02
    5.50879397e-02
    5.45226131e-02
    5.39572864e-02
    5.33919598e-02
    5.28266332e-02
    5.22613065e-02
    5.16959799e-02
    5.11306533e-02
    5.05653266e-02
    5.00000000e-02
)
