400
(
    5.68875200e+02
    5.68875200e+02
    3.09257479e+02
    2.10972337e+02
    1.61401411e+02
    1.31243704e+02
    1.10890356e+02
    9.63346185e+01
    8.54029964e+01
    7.68633143e+01
    6.99020659e+01
    6.41997314e+01
    5.94417696e+01
    5.54104127e+01
    5.18711004e+01
    4.87739409e+01
    4.60614409e+01
    4.36657702e+01
    4.14707687e+01
    3.93730180e+01
    3.74848688e+01
    3.57763790e+01
    3.42230507e+01
    3.29782392e+01
    3.18560395e+01
    3.08217186e+01
    2.98651788e+01
    2.88953706e+01
    2.79035065e+01
    2.69799911e+01
    2.61179900e+01
    2.53133527e+01
    2.45964062e+01
    2.39226952e+01
    2.32884067e+01
    2.26901634e+01
    2.19992203e+01
    2.14460893e+01
    2.09814056e+01
    2.03940089e+01
    1.98579567e+01
    1.94341055e+01
    1.90302545e+01
    1.85946348e+01
    1.81782598e+01
    1.77803882e+01
    1.73998133e+01
    1.70156125e+01
    1.66325415e+01
    1.62650579e+01
    1.59122262e+01
    1.55673199e+01
    1.52014270e+01
    1.48490545e+01
    1.45094475e+01
    1.41819060e+01
    1.38872462e+01
    1.36109307e+01
    1.33440660e+01
    1.30861710e+01
    1.28367967e+01
    1.25955235e+01
    1.23619589e+01
    1.21357352e+01
    1.19165078e+01
    1.17039533e+01
    1.14977678e+01
    1.12751652e+01
    1.10477294e+01
    1.08265453e+01
    1.06113392e+01
    1.04018527e+01
    1.01978417e+01
    9.99907519e+00
    9.80533441e+00
    9.61641221e+00
    9.43211211e+00
    9.25224765e+00
    9.06936071e+00
    8.88604027e+00
    8.70677705e+00
    8.53140848e+00
    8.35977943e+00
    8.19174175e+00
    8.02715381e+00
    7.86588009e+00
    7.70779077e+00
    7.55276143e+00
    7.40067261e+00
    7.25352967e+00
    7.11078519e+00
    6.97063595e+00
    6.83298291e+00
    6.69773060e+00
    6.56478693e+00
    6.43406299e+00
    6.30547277e+00
    6.17893302e+00
    6.05436302e+00
    5.93168440e+00
    5.80478147e+00
    5.67354577e+00
    5.54392112e+00
    5.41582194e+00
    5.28916323e+00
    5.16386036e+00
    5.03982872e+00
    4.91698336e+00
    4.79523868e+00
    4.67450799e+00
    4.55470312e+00
    4.44250324e+00
    4.33966864e+00
    4.23772919e+00
    4.13661946e+00
    4.03627302e+00
    3.93662216e+00
    3.83759749e+00
    3.73912752e+00
    3.64113825e+00
    3.54355258e+00
    3.44628972e+00
    3.35268311e+00
    3.26473872e+00
    3.17707241e+00
    3.08961067e+00
    3.00227552e+00
    2.91498368e+00
    2.82764560e+00
    2.74016419e+00
    2.65243345e+00
    2.56433658e+00
    2.47574380e+00
    2.40586797e+00
    2.37473000e+00
    2.34398027e+00
    2.31360900e+00
    2.28360665e+00
    2.25396390e+00
    2.22467170e+00
    2.19572119e+00
    2.16710373e+00
    2.13881089e+00
    2.11083442e+00
    2.08316628e+00
    2.05579856e+00
    2.02872357e+00
    2.00193375e+00
    1.97542170e+00
    1.94918016e+00
    1.92320203e+00
    1.89748031e+00
    1.87200814e+00
    1.84677879e+00
    1.82178561e+00
    1.79702207e+00
    1.77248174e+00
    1.74815828e+00
    1.72404542e+00
    1.70013698e+00
    1.67642684e+00
    1.65290894e+00
    1.62957730e+00
    1.60642596e+00
    1.58601661e+00
    1.57000633e+00
    1.55416292e+00
    1.53848307e+00
    1.52296352e+00
    1.50760111e+00
    1.49239273e+00
    1.47733532e+00
    1.46242593e+00
    1.44766162e+00
    1.43303954e+00
    1.41855689e+00
    1.40421093e+00
    1.38999897e+00
    1.37591835e+00
    1.36196651e+00
    1.34814090e+00
    1.33443901e+00
    1.32085842e+00
    1.30739671e+00
    1.29405152e+00
    1.28082054e+00
    1.26770148e+00
    1.25469209e+00
    1.24179018e+00
    1.22899356e+00
    1.21630011e+00
    1.20370772e+00
    1.19121432e+00
    1.17881785e+00
    1.16651632e+00
    1.15430773e+00
    1.14219012e+00
    1.13016155e+00
    1.11822012e+00
    1.10636393e+00

    5.68875200e+02
    5.68875200e+02
    3.09257479e+02
    2.10972337e+02
    1.61401411e+02
    1.31243704e+02
    1.10890356e+02
    9.63346185e+01
    8.54029964e+01
    7.68633143e+01
    6.99020659e+01
    6.41997314e+01
    5.94417696e+01
    5.54104127e+01
    5.18711004e+01
    4.87739409e+01
    4.60614409e+01
    4.36657702e+01
    4.14707687e+01
    3.93730180e+01
    3.74848688e+01
    3.57763790e+01
    3.42230507e+01
    3.29782392e+01
    3.18560395e+01
    3.08217186e+01
    2.98651788e+01
    2.88953706e+01
    2.79035065e+01
    2.69799911e+01
    2.61179900e+01
    2.53133527e+01
    2.45964062e+01
    2.39226952e+01
    2.32884067e+01
    2.26901634e+01
    2.19992203e+01
    2.14460893e+01
    2.09814056e+01
    2.03940089e+01
    1.98579567e+01
    1.94341055e+01
    1.90302545e+01
    1.85946348e+01
    1.81782598e+01
    1.77803882e+01
    1.73998133e+01
    1.70156125e+01
    1.66325415e+01
    1.62650579e+01
    1.59122262e+01
    1.55673199e+01
    1.52014270e+01
    1.48490545e+01
    1.45094475e+01
    1.41819060e+01
    1.38872462e+01
    1.36109307e+01
    1.33440660e+01
    1.30861710e+01
    1.28367967e+01
    1.25955235e+01
    1.23619589e+01
    1.21357352e+01
    1.19165078e+01
    1.17039533e+01
    1.14977678e+01
    1.12751652e+01
    1.10477294e+01
    1.08265453e+01
    1.06113392e+01
    1.04018527e+01
    1.01978417e+01
    9.99907519e+00
    9.80533441e+00
    9.61641221e+00
    9.43211211e+00
    9.25224765e+00
    9.06936071e+00
    8.88604027e+00
    8.70677705e+00
    8.53140848e+00
    8.35977943e+00
    8.19174175e+00
    8.02715381e+00
    7.86588009e+00
    7.70779077e+00
    7.55276143e+00
    7.40067261e+00
    7.25352967e+00
    7.11078519e+00
    6.97063595e+00
    6.83298291e+00
    6.69773060e+00
    6.56478693e+00
    6.43406299e+00
    6.30547277e+00
    6.17893302e+00
    6.05436302e+00
    5.93168440e+00
    5.80478147e+00
    5.67354577e+00
    5.54392112e+00
    5.41582194e+00
    5.28916323e+00
    5.16386036e+00
    5.03982872e+00
    4.91698336e+00
    4.79523868e+00
    4.67450799e+00
    4.55470312e+00
    4.44250324e+00
    4.33966864e+00
    4.23772919e+00
    4.13661946e+00
    4.03627302e+00
    3.93662216e+00
    3.83759749e+00
    3.73912752e+00
    3.64113825e+00
    3.54355258e+00
    3.44628972e+00
    3.35268311e+00
    3.26473872e+00
    3.17707241e+00
    3.08961067e+00
    3.00227552e+00
    2.91498368e+00
    2.82764560e+00
    2.74016419e+00
    2.65243345e+00
    2.56433658e+00
    2.47574380e+00
    2.40586797e+00
    2.37473000e+00
    2.34398027e+00
    2.31360900e+00
    2.28360665e+00
    2.25396390e+00
    2.22467170e+00
    2.19572119e+00
    2.16710373e+00
    2.13881089e+00
    2.11083442e+00
    2.08316628e+00
    2.05579856e+00
    2.02872357e+00
    2.00193375e+00
    1.97542170e+00
    1.94918016e+00
    1.92320203e+00
    1.89748031e+00
    1.87200814e+00
    1.84677879e+00
    1.82178561e+00
    1.79702207e+00
    1.77248174e+00
    1.74815828e+00
    1.72404542e+00
    1.70013698e+00
    1.67642684e+00
    1.65290894e+00
    1.62957730e+00
    1.60642596e+00
    1.58601661e+00
    1.57000633e+00
    1.55416292e+00
    1.53848307e+00
    1.52296352e+00
    1.50760111e+00
    1.49239273e+00
    1.47733532e+00
    1.46242593e+00
    1.44766162e+00
    1.43303954e+00
    1.41855689e+00
    1.40421093e+00
    1.38999897e+00
    1.37591835e+00
    1.36196651e+00
    1.34814090e+00
    1.33443901e+00
    1.32085842e+00
    1.30739671e+00
    1.29405152e+00
    1.28082054e+00
    1.26770148e+00
    1.25469209e+00
    1.24179018e+00
    1.22899356e+00
    1.21630011e+00
    1.20370772e+00
    1.19121432e+00
    1.17881785e+00
    1.16651632e+00
    1.15430773e+00
    1.14219012e+00
    1.13016155e+00
    1.11822012e+00
    1.10636393e+00
)
