400
(
	(0.00000000e+00	0	0)
	(2.46320890e+00	0	0)
	(2.89842600e+00	0	0)
	(3.02062814e+00	0	0)
	(3.12917085e+00	0	0)
	(3.20896985e+00	0	0)
	(3.26776382e+00	0	0)
	(3.32655779e+00	0	0)
	(3.38535176e+00	0	0)
	(3.44175377e+00	0	0)
	(3.48517085e+00	0	0)
	(3.52858794e+00	0	0)
	(3.57200503e+00	0	0)
	(3.61542211e+00	0	0)
	(3.65966834e+00	0	0)
	(3.70421608e+00	0	0)
	(3.74876382e+00	0	0)
	(3.79331156e+00	0	0)
	(3.83785930e+00	0	0)
	(3.88240704e+00	0	0)
	(3.92695477e+00	0	0)
	(3.97150251e+00	0	0)
	(4.01605025e+00	0	0)
	(4.05898995e+00	0	0)
	(4.10172864e+00	0	0)
	(4.14446734e+00	0	0)
	(4.18720603e+00	0	0)
	(4.22604020e+00	0	0)
	(4.26041206e+00	0	0)
	(4.29478392e+00	0	0)
	(4.32915578e+00	0	0)
	(4.36329648e+00	0	0)
	(4.39246734e+00	0	0)
	(4.42163819e+00	0	0)
	(4.45080905e+00	0	0)
	(4.47997990e+00	0	0)
	(4.49714182e+00	0	0)
	(4.54089544e+00	0	0)
	(4.58971859e+00	0	0)
	(4.59876382e+00	0	0)
	(4.61558794e+00	0	0)
	(4.66352764e+00	0	0)
	(4.71146734e+00	0	0)
	(4.74375377e+00	0	0)
	(4.77586432e+00	0	0)
	(4.80797487e+00	0	0)
	(4.84008543e+00	0	0)
	(4.87181156e+00	0	0)
	(4.90324372e+00	0	0)
	(4.93467588e+00	0	0)
	(4.96610804e+00	0	0)
	(4.99754020e+00	0	0)
	(5.02897236e+00	0	0)
	(5.06040452e+00	0	0)
	(5.09183668e+00	0	0)
	(5.12326884e+00	0	0)
	(5.15270854e+00	0	0)
	(5.18138191e+00	0	0)
	(5.21005528e+00	0	0)
	(5.23872864e+00	0	0)
	(5.26740201e+00	0	0)
	(5.29607538e+00	0	0)
	(5.32474874e+00	0	0)
	(5.35342211e+00	0	0)
	(5.38209548e+00	0	0)
	(5.41076884e+00	0	0)
	(5.43944221e+00	0	0)
	(5.46908040e+00	0	0)
	(5.49920101e+00	0	0)
	(5.52932161e+00	0	0)
	(5.55944221e+00	0	0)
	(5.58956281e+00	0	0)
	(5.61968342e+00	0	0)
	(5.64980402e+00	0	0)
	(5.67992462e+00	0	0)
	(5.71004523e+00	0	0)
	(5.74016583e+00	0	0)
	(5.77028643e+00	0	0)
	(5.79830653e+00	0	0)
	(5.82498995e+00	0	0)
	(5.85167337e+00	0	0)
	(5.87835678e+00	0	0)
	(5.90504020e+00	0	0)
	(5.93172362e+00	0	0)
	(5.95840704e+00	0	0)
	(5.98509045e+00	0	0)
	(6.01177387e+00	0	0)
	(6.03845729e+00	0	0)
	(6.06514070e+00	0	0)
	(6.09011558e+00	0	0)
	(6.11372362e+00	0	0)
	(6.13733166e+00	0	0)
	(6.16093970e+00	0	0)
	(6.18454774e+00	0	0)
	(6.20815578e+00	0	0)
	(6.23176382e+00	0	0)
	(6.25537186e+00	0	0)
	(6.27897990e+00	0	0)
	(6.30258794e+00	0	0)
	(6.32619598e+00	0	0)
	(6.34930653e+00	0	0)
	(6.37191960e+00	0	0)
	(6.39453266e+00	0	0)
	(6.41714573e+00	0	0)
	(6.43975879e+00	0	0)
	(6.46237186e+00	0	0)
	(6.48498492e+00	0	0)
	(6.50759799e+00	0	0)
	(6.53021106e+00	0	0)
	(6.55282412e+00	0	0)
	(6.57543719e+00	0	0)
	(6.59222111e+00	0	0)
	(6.60171859e+00	0	0)
	(6.61121608e+00	0	0)
	(6.62071357e+00	0	0)
	(6.63021106e+00	0	0)
	(6.63970854e+00	0	0)
	(6.64920603e+00	0	0)
	(6.65870352e+00	0	0)
	(6.66820101e+00	0	0)
	(6.67769849e+00	0	0)
	(6.68719598e+00	0	0)
	(6.69504020e+00	0	0)
	(6.70028643e+00	0	0)
	(6.70553266e+00	0	0)
	(6.71077889e+00	0	0)
	(6.71602513e+00	0	0)
	(6.72127136e+00	0	0)
	(6.72651759e+00	0	0)
	(6.73176382e+00	0	0)
	(6.73701005e+00	0	0)
	(6.74225628e+00	0	0)
	(6.74750251e+00	0	0)
	(6.75100000e+00	0	0)
	(6.75100000e+00	0	0)
	(6.75100000e+00	0	0)
	(6.75100000e+00	0	0)
	(6.75100000e+00	0	0)
	(6.75100000e+00	0	0)
	(6.75100000e+00	0	0)
	(6.75100000e+00	0	0)
	(6.75100000e+00	0	0)
	(6.75100000e+00	0	0)
	(6.75100000e+00	0	0)
	(6.75100000e+00	0	0)
	(6.75100000e+00	0	0)
	(6.75100000e+00	0	0)
	(6.75100000e+00	0	0)
	(6.75100000e+00	0	0)
	(6.75100000e+00	0	0)
	(6.75100000e+00	0	0)
	(6.75100000e+00	0	0)
	(6.75100000e+00	0	0)
	(6.75100000e+00	0	0)
	(6.75100000e+00	0	0)
	(6.75100000e+00	0	0)
	(6.75100000e+00	0	0)
	(6.75100000e+00	0	0)
	(6.75100000e+00	0	0)
	(6.75100000e+00	0	0)
	(6.75100000e+00	0	0)
	(6.75100000e+00	0	0)
	(6.75100000e+00	0	0)
	(6.75100000e+00	0	0)
	(6.75100000e+00	0	0)
	(6.75100000e+00	0	0)
	(6.75100000e+00	0	0)
	(6.75100000e+00	0	0)
	(6.75100000e+00	0	0)
	(6.75100000e+00	0	0)
	(6.75100000e+00	0	0)
	(6.75100000e+00	0	0)
	(6.75100000e+00	0	0)
	(6.75100000e+00	0	0)
	(6.75100000e+00	0	0)
	(6.75100000e+00	0	0)
	(6.75100000e+00	0	0)
	(6.75100000e+00	0	0)
	(6.75100000e+00	0	0)
	(6.75100000e+00	0	0)
	(6.75100000e+00	0	0)
	(6.75100000e+00	0	0)
	(6.75100000e+00	0	0)
	(6.75100000e+00	0	0)
	(6.75100000e+00	0	0)
	(6.75100000e+00	0	0)
	(6.75100000e+00	0	0)
	(6.75100000e+00	0	0)
	(6.75100000e+00	0	0)
	(6.75100000e+00	0	0)
	(6.75100000e+00	0	0)
	(6.75100000e+00	0	0)
	(6.75100000e+00	0	0)
	(6.75100000e+00	0	0)
	(6.75100000e+00	0	0)
	(6.75100000e+00	0	0)
	(6.75100000e+00	0	0)
	(6.75100000e+00	0	0)
	(6.75100000e+00	0	0)
	(6.75100000e+00	0	0)

	(0.00000000e+00	0	0)
	(2.46320890e+00	0	0)
	(2.89842600e+00	0	0)
	(3.02062814e+00	0	0)
	(3.12917085e+00	0	0)
	(3.20896985e+00	0	0)
	(3.26776382e+00	0	0)
	(3.32655779e+00	0	0)
	(3.38535176e+00	0	0)
	(3.44175377e+00	0	0)
	(3.48517085e+00	0	0)
	(3.52858794e+00	0	0)
	(3.57200503e+00	0	0)
	(3.61542211e+00	0	0)
	(3.65966834e+00	0	0)
	(3.70421608e+00	0	0)
	(3.74876382e+00	0	0)
	(3.79331156e+00	0	0)
	(3.83785930e+00	0	0)
	(3.88240704e+00	0	0)
	(3.92695477e+00	0	0)
	(3.97150251e+00	0	0)
	(4.01605025e+00	0	0)
	(4.05898995e+00	0	0)
	(4.10172864e+00	0	0)
	(4.14446734e+00	0	0)
	(4.18720603e+00	0	0)
	(4.22604020e+00	0	0)
	(4.26041206e+00	0	0)
	(4.29478392e+00	0	0)
	(4.32915578e+00	0	0)
	(4.36329648e+00	0	0)
	(4.39246734e+00	0	0)
	(4.42163819e+00	0	0)
	(4.45080905e+00	0	0)
	(4.47997990e+00	0	0)
	(4.49714182e+00	0	0)
	(4.54089544e+00	0	0)
	(4.58971859e+00	0	0)
	(4.59876382e+00	0	0)
	(4.61558794e+00	0	0)
	(4.66352764e+00	0	0)
	(4.71146734e+00	0	0)
	(4.74375377e+00	0	0)
	(4.77586432e+00	0	0)
	(4.80797487e+00	0	0)
	(4.84008543e+00	0	0)
	(4.87181156e+00	0	0)
	(4.90324372e+00	0	0)
	(4.93467588e+00	0	0)
	(4.96610804e+00	0	0)
	(4.99754020e+00	0	0)
	(5.02897236e+00	0	0)
	(5.06040452e+00	0	0)
	(5.09183668e+00	0	0)
	(5.12326884e+00	0	0)
	(5.15270854e+00	0	0)
	(5.18138191e+00	0	0)
	(5.21005528e+00	0	0)
	(5.23872864e+00	0	0)
	(5.26740201e+00	0	0)
	(5.29607538e+00	0	0)
	(5.32474874e+00	0	0)
	(5.35342211e+00	0	0)
	(5.38209548e+00	0	0)
	(5.41076884e+00	0	0)
	(5.43944221e+00	0	0)
	(5.46908040e+00	0	0)
	(5.49920101e+00	0	0)
	(5.52932161e+00	0	0)
	(5.55944221e+00	0	0)
	(5.58956281e+00	0	0)
	(5.61968342e+00	0	0)
	(5.64980402e+00	0	0)
	(5.67992462e+00	0	0)
	(5.71004523e+00	0	0)
	(5.74016583e+00	0	0)
	(5.77028643e+00	0	0)
	(5.79830653e+00	0	0)
	(5.82498995e+00	0	0)
	(5.85167337e+00	0	0)
	(5.87835678e+00	0	0)
	(5.90504020e+00	0	0)
	(5.93172362e+00	0	0)
	(5.95840704e+00	0	0)
	(5.98509045e+00	0	0)
	(6.01177387e+00	0	0)
	(6.03845729e+00	0	0)
	(6.06514070e+00	0	0)
	(6.09011558e+00	0	0)
	(6.11372362e+00	0	0)
	(6.13733166e+00	0	0)
	(6.16093970e+00	0	0)
	(6.18454774e+00	0	0)
	(6.20815578e+00	0	0)
	(6.23176382e+00	0	0)
	(6.25537186e+00	0	0)
	(6.27897990e+00	0	0)
	(6.30258794e+00	0	0)
	(6.32619598e+00	0	0)
	(6.34930653e+00	0	0)
	(6.37191960e+00	0	0)
	(6.39453266e+00	0	0)
	(6.41714573e+00	0	0)
	(6.43975879e+00	0	0)
	(6.46237186e+00	0	0)
	(6.48498492e+00	0	0)
	(6.50759799e+00	0	0)
	(6.53021106e+00	0	0)
	(6.55282412e+00	0	0)
	(6.57543719e+00	0	0)
	(6.59222111e+00	0	0)
	(6.60171859e+00	0	0)
	(6.61121608e+00	0	0)
	(6.62071357e+00	0	0)
	(6.63021106e+00	0	0)
	(6.63970854e+00	0	0)
	(6.64920603e+00	0	0)
	(6.65870352e+00	0	0)
	(6.66820101e+00	0	0)
	(6.67769849e+00	0	0)
	(6.68719598e+00	0	0)
	(6.69504020e+00	0	0)
	(6.70028643e+00	0	0)
	(6.70553266e+00	0	0)
	(6.71077889e+00	0	0)
	(6.71602513e+00	0	0)
	(6.72127136e+00	0	0)
	(6.72651759e+00	0	0)
	(6.73176382e+00	0	0)
	(6.73701005e+00	0	0)
	(6.74225628e+00	0	0)
	(6.74750251e+00	0	0)
	(6.75100000e+00	0	0)
	(6.75100000e+00	0	0)
	(6.75100000e+00	0	0)
	(6.75100000e+00	0	0)
	(6.75100000e+00	0	0)
	(6.75100000e+00	0	0)
	(6.75100000e+00	0	0)
	(6.75100000e+00	0	0)
	(6.75100000e+00	0	0)
	(6.75100000e+00	0	0)
	(6.75100000e+00	0	0)
	(6.75100000e+00	0	0)
	(6.75100000e+00	0	0)
	(6.75100000e+00	0	0)
	(6.75100000e+00	0	0)
	(6.75100000e+00	0	0)
	(6.75100000e+00	0	0)
	(6.75100000e+00	0	0)
	(6.75100000e+00	0	0)
	(6.75100000e+00	0	0)
	(6.75100000e+00	0	0)
	(6.75100000e+00	0	0)
	(6.75100000e+00	0	0)
	(6.75100000e+00	0	0)
	(6.75100000e+00	0	0)
	(6.75100000e+00	0	0)
	(6.75100000e+00	0	0)
	(6.75100000e+00	0	0)
	(6.75100000e+00	0	0)
	(6.75100000e+00	0	0)
	(6.75100000e+00	0	0)
	(6.75100000e+00	0	0)
	(6.75100000e+00	0	0)
	(6.75100000e+00	0	0)
	(6.75100000e+00	0	0)
	(6.75100000e+00	0	0)
	(6.75100000e+00	0	0)
	(6.75100000e+00	0	0)
	(6.75100000e+00	0	0)
	(6.75100000e+00	0	0)
	(6.75100000e+00	0	0)
	(6.75100000e+00	0	0)
	(6.75100000e+00	0	0)
	(6.75100000e+00	0	0)
	(6.75100000e+00	0	0)
	(6.75100000e+00	0	0)
	(6.75100000e+00	0	0)
	(6.75100000e+00	0	0)
	(6.75100000e+00	0	0)
	(6.75100000e+00	0	0)
	(6.75100000e+00	0	0)
	(6.75100000e+00	0	0)
	(6.75100000e+00	0	0)
	(6.75100000e+00	0	0)
	(6.75100000e+00	0	0)
	(6.75100000e+00	0	0)
	(6.75100000e+00	0	0)
	(6.75100000e+00	0	0)
	(6.75100000e+00	0	0)
	(6.75100000e+00	0	0)
	(6.75100000e+00	0	0)
	(6.75100000e+00	0	0)
	(6.75100000e+00	0	0)
	(6.75100000e+00	0	0)
	(6.75100000e+00	0	0)
	(6.75100000e+00	0	0)
	(6.75100000e+00	0	0)
)
