400
(
    (1.09572113	0.45386255	0)
    (1.11284772	0.46095662	0)
    (1.13468191	0.47000064	0)
    (1.16617274	0.48304457	0)
    (1.20997577	0.50118838	0)
    (1.26025061	0.52201289	0)
    (1.31052544	0.54283741	0)
    (1.35075134	0.55949952	0)
    (1.36870664	0.56693685	0)
    (1.38666193	0.57437418	0)
    (1.40461723	0.58181151	0)
    (1.43636495	0.59496184	0)
    (1.46859240	0.60831089	0)
    (1.50081986	0.62165994	0)
    (1.53304732	0.63500899	0)
    (1.56527478	0.64835804	0)
    (1.57167369	0.65100856	0)
    (1.57670117	0.65309101	0)
    (1.58172865	0.65517346	0)
    (1.58675613	0.65725591	0)
    (1.59178362	0.65933836	0)
    (1.59681110	0.66142081	0)
    (1.60183858	0.66350327	0)
    (1.60686607	0.66558572	0)
    (1.61449342	0.66874507	0)
    (1.62394066	0.67265824	0)
    (1.63338791	0.67657142	0)
    (1.64283516	0.68048460	0)
    (1.65228241	0.68439778	0)
    (1.66172966	0.68831096	0)
    (1.67117690	0.69222414	0)
    (1.68062415	0.69613732	0)
    (1.69000872	0.70002453	0)
    (1.69917973	0.70382329	0)
    (1.70835075	0.70762205	0)
    (1.71752176	0.71142081	0)
    (1.72669277	0.71521956	0)
    (1.73586379	0.71901833	0)
    (1.74503480	0.72281708	0)
    (1.75420581	0.72661584	0)
    (1.76337683	0.73041460	0)
    (1.77412587	0.73486700	0)
    (1.78512003	0.73942093	0)
    (1.79611420	0.74397486	0)
    (1.80710837	0.74852879	0)
    (1.81810253	0.75308273	0)
    (1.82909670	0.75763666	0)
    (1.84009086	0.76219059	0)
    (1.85108503	0.76674453	0)
    (1.86171707	0.77114846	0)
    (1.87199303	0.77540490	0)
    (1.88226899	0.77966134	0)
    (1.89254494	0.78391778	0)
    (1.90282089	0.78817422	0)
    (1.91309685	0.79243066	0)
    (1.92337280	0.79668710	0)
    (1.93364875	0.80094354	0)
    (1.94354587	0.80504306	0)
    (1.95116997	0.80820107	0)
    (1.95879407	0.81135907	0)
    (1.96641816	0.81451707	0)
    (1.97404226	0.81767507	0)
    (1.98166635	0.82083308	0)
    (1.98929044	0.82399108	0)
    (1.99691454	0.82714908	0)
    (2.00453863	0.83030709	0)
    (2.01313419	0.83386749	0)
    (2.02200135	0.83754038	0)
    (2.03086851	0.84121328	0)
    (2.03973566	0.84488617	0)
    (2.04860282	0.84855907	0)
    (2.05746997	0.85223197	0)
    (2.06633713	0.85590486	0)
    (2.07520427	0.85957775	0)
    (2.08407143	0.86325065	0)
    (2.09293858	0.86692355	0)
    (2.10180574	0.87059644	0)
    (2.11067290	0.87426934	0)
    (2.11954005	0.87794224	0)
    (2.12840721	0.88161513	0)
    (2.13727436	0.88528803	0)
    (2.14614151	0.88896092	0)
    (2.15500866	0.89263382	0)
    (2.16387582	0.89630671	0)
    (2.17274298	0.89997961	0)
    (2.18161013	0.90365250	0)
    (2.19047729	0.90732540	0)
    (2.19934444	0.91099830	0)
    (2.20821160	0.91467119	0)
    (2.21707874	0.91834408	0)
    (2.22594590	0.92201698	0)
    (2.23481306	0.92568988	0)
    (2.24368021	0.92936277	0)
    (2.25254737	0.93303567	0)
    (2.26141452	0.93670857	0)
    (2.27028168	0.94038146	0)
    (2.27914882	0.94405435	0)
    (2.28801598	0.94772725	0)
    (2.29688313	0.95140015	0)
    (2.30614955	0.95523842	0)
    (2.31620452	0.95940333	0)
    (2.32625949	0.96356823	0)
    (2.33631445	0.96773313	0)
    (2.34636942	0.97189804	0)
    (2.35642439	0.97606294	0)
    (2.36647935	0.98022784	0)
    (2.37653432	0.98439275	0)
    (2.38658929	0.98855765	0)
    (2.39664426	0.99272256	0)
    (2.40669922	0.99688746	0)
    (2.41675419	1.00105236	0)
    (2.42680915	1.00521726	0)
    (2.43686411	1.00938217	0)
    (2.44691908	1.01354707	0)
    (2.45697405	1.01771197	0)
    (2.46702901	1.02187688	0)
    (2.47708398	1.02604178	0)
    (2.48713895	1.03020668	0)
    (2.49719392	1.03437159	0)
    (2.50724888	1.03853649	0)
    (2.51730385	1.04270139	0)
    (2.52735882	1.04686630	0)
    (2.53741378	1.05103120	0)
    (2.54746874	1.05519610	0)
    (2.55752371	1.05936101	0)
    (2.56757868	1.06352591	0)
    (2.57763364	1.06769081	0)
    (2.58768861	1.07185572	0)
    (2.59774358	1.07602062	0)
    (2.60779854	1.08018552	0)
    (2.61785351	1.08435043	0)
    (2.62790848	1.08851533	0)
    (2.63796345	1.09268024	0)
    (2.64406917	1.09520931	0)
    (2.64969056	1.09753777	0)
    (2.65531195	1.09986622	0)
    (2.66093334	1.10219468	0)
    (2.66655473	1.10452313	0)
    (2.67217612	1.10685159	0)
    (2.67779751	1.10918005	0)
    (2.68341889	1.11150850	0)
    (2.68904028	1.11383696	0)
    (2.69466168	1.11616541	0)
    (2.70028307	1.11849387	0)
    (2.70590445	1.12082232	0)
    (2.71152584	1.12315078	0)
    (2.71714723	1.12547923	0)
    (2.72276862	1.12780769	0)
    (2.72839001	1.13013615	0)
    (2.73401140	1.13246460	0)
    (2.73963279	1.13479306	0)
    (2.74525418	1.13712151	0)
    (2.75087557	1.13944997	0)
    (2.75649695	1.14177842	0)
    (2.76211834	1.14410688	0)
    (2.76773973	1.14643533	0)
    (2.77336112	1.14876379	0)
    (2.77898251	1.15109224	0)
    (2.78460390	1.15342070	0)
    (2.79022529	1.15574916	0)
    (2.79584668	1.15807761	0)
    (2.80146807	1.16040607	0)
    (2.80708945	1.16273452	0)
    (2.81271084	1.16506298	0)
    (2.81833224	1.16739144	0)
    (2.82395363	1.16971989	0)
    (2.82756964	1.17121769	0)
    (2.82868839	1.17168109	0)
    (2.82980714	1.17214450	0)
    (2.83092590	1.17260790	0)
    (2.83204465	1.17307130	0)
    (2.83316340	1.17353471	0)
    (2.83428216	1.17399811	0)
    (2.83540091	1.17446151	0)
    (2.83651966	1.17492491	0)
    (2.83763842	1.17538832	0)
    (2.83875717	1.17585172	0)
    (2.83987592	1.17631512	0)
    (2.84099468	1.17677853	0)
    (2.84211343	1.17724193	0)
    (2.84323218	1.17770533	0)
    (2.84435094	1.17816873	0)
    (2.84546969	1.17863214	0)
    (2.84658844	1.17909554	0)
    (2.84770720	1.17955894	0)
    (2.84882594	1.18002234	0)
    (2.84994470	1.18048575	0)
    (2.85106345	1.18094915	0)
    (2.85218220	1.18141255	0)
    (2.85330096	1.18187595	0)
    (2.85441971	1.18233936	0)
    (2.85553846	1.18280276	0)
    (2.85665722	1.18326616	0)
    (2.85777597	1.18372956	0)
    (2.85889472	1.18419297	0)
    (2.86001348	1.18465637	0)
    (2.86113223	1.18511977	0)
    (2.86225098	1.18558318	0)
    (2.86336974	1.18604658	0)
    (2.86448849	1.18650998	0)

    (1.09572113	0.45386255	0)
    (1.11284772	0.46095662	0)
    (1.13468191	0.47000064	0)
    (1.16617274	0.48304457	0)
    (1.20997577	0.50118838	0)
    (1.26025061	0.52201289	0)
    (1.31052544	0.54283741	0)
    (1.35075134	0.55949952	0)
    (1.36870664	0.56693685	0)
    (1.38666193	0.57437418	0)
    (1.40461723	0.58181151	0)
    (1.43636495	0.59496184	0)
    (1.46859240	0.60831089	0)
    (1.50081986	0.62165994	0)
    (1.53304732	0.63500899	0)
    (1.56527478	0.64835804	0)
    (1.57167369	0.65100856	0)
    (1.57670117	0.65309101	0)
    (1.58172865	0.65517346	0)
    (1.58675613	0.65725591	0)
    (1.59178362	0.65933836	0)
    (1.59681110	0.66142081	0)
    (1.60183858	0.66350327	0)
    (1.60686607	0.66558572	0)
    (1.61449342	0.66874507	0)
    (1.62394066	0.67265824	0)
    (1.63338791	0.67657142	0)
    (1.64283516	0.68048460	0)
    (1.65228241	0.68439778	0)
    (1.66172966	0.68831096	0)
    (1.67117690	0.69222414	0)
    (1.68062415	0.69613732	0)
    (1.69000872	0.70002453	0)
    (1.69917973	0.70382329	0)
    (1.70835075	0.70762205	0)
    (1.71752176	0.71142081	0)
    (1.72669277	0.71521956	0)
    (1.73586379	0.71901833	0)
    (1.74503480	0.72281708	0)
    (1.75420581	0.72661584	0)
    (1.76337683	0.73041460	0)
    (1.77412587	0.73486700	0)
    (1.78512003	0.73942093	0)
    (1.79611420	0.74397486	0)
    (1.80710837	0.74852879	0)
    (1.81810253	0.75308273	0)
    (1.82909670	0.75763666	0)
    (1.84009086	0.76219059	0)
    (1.85108503	0.76674453	0)
    (1.86171707	0.77114846	0)
    (1.87199303	0.77540490	0)
    (1.88226899	0.77966134	0)
    (1.89254494	0.78391778	0)
    (1.90282089	0.78817422	0)
    (1.91309685	0.79243066	0)
    (1.92337280	0.79668710	0)
    (1.93364875	0.80094354	0)
    (1.94354587	0.80504306	0)
    (1.95116997	0.80820107	0)
    (1.95879407	0.81135907	0)
    (1.96641816	0.81451707	0)
    (1.97404226	0.81767507	0)
    (1.98166635	0.82083308	0)
    (1.98929044	0.82399108	0)
    (1.99691454	0.82714908	0)
    (2.00453863	0.83030709	0)
    (2.01313419	0.83386749	0)
    (2.02200135	0.83754038	0)
    (2.03086851	0.84121328	0)
    (2.03973566	0.84488617	0)
    (2.04860282	0.84855907	0)
    (2.05746997	0.85223197	0)
    (2.06633713	0.85590486	0)
    (2.07520427	0.85957775	0)
    (2.08407143	0.86325065	0)
    (2.09293858	0.86692355	0)
    (2.10180574	0.87059644	0)
    (2.11067290	0.87426934	0)
    (2.11954005	0.87794224	0)
    (2.12840721	0.88161513	0)
    (2.13727436	0.88528803	0)
    (2.14614151	0.88896092	0)
    (2.15500866	0.89263382	0)
    (2.16387582	0.89630671	0)
    (2.17274298	0.89997961	0)
    (2.18161013	0.90365250	0)
    (2.19047729	0.90732540	0)
    (2.19934444	0.91099830	0)
    (2.20821160	0.91467119	0)
    (2.21707874	0.91834408	0)
    (2.22594590	0.92201698	0)
    (2.23481306	0.92568988	0)
    (2.24368021	0.92936277	0)
    (2.25254737	0.93303567	0)
    (2.26141452	0.93670857	0)
    (2.27028168	0.94038146	0)
    (2.27914882	0.94405435	0)
    (2.28801598	0.94772725	0)
    (2.29688313	0.95140015	0)
    (2.30614955	0.95523842	0)
    (2.31620452	0.95940333	0)
    (2.32625949	0.96356823	0)
    (2.33631445	0.96773313	0)
    (2.34636942	0.97189804	0)
    (2.35642439	0.97606294	0)
    (2.36647935	0.98022784	0)
    (2.37653432	0.98439275	0)
    (2.38658929	0.98855765	0)
    (2.39664426	0.99272256	0)
    (2.40669922	0.99688746	0)
    (2.41675419	1.00105236	0)
    (2.42680915	1.00521726	0)
    (2.43686411	1.00938217	0)
    (2.44691908	1.01354707	0)
    (2.45697405	1.01771197	0)
    (2.46702901	1.02187688	0)
    (2.47708398	1.02604178	0)
    (2.48713895	1.03020668	0)
    (2.49719392	1.03437159	0)
    (2.50724888	1.03853649	0)
    (2.51730385	1.04270139	0)
    (2.52735882	1.04686630	0)
    (2.53741378	1.05103120	0)
    (2.54746874	1.05519610	0)
    (2.55752371	1.05936101	0)
    (2.56757868	1.06352591	0)
    (2.57763364	1.06769081	0)
    (2.58768861	1.07185572	0)
    (2.59774358	1.07602062	0)
    (2.60779854	1.08018552	0)
    (2.61785351	1.08435043	0)
    (2.62790848	1.08851533	0)
    (2.63796345	1.09268024	0)
    (2.64406917	1.09520931	0)
    (2.64969056	1.09753777	0)
    (2.65531195	1.09986622	0)
    (2.66093334	1.10219468	0)
    (2.66655473	1.10452313	0)
    (2.67217612	1.10685159	0)
    (2.67779751	1.10918005	0)
    (2.68341889	1.11150850	0)
    (2.68904028	1.11383696	0)
    (2.69466168	1.11616541	0)
    (2.70028307	1.11849387	0)
    (2.70590445	1.12082232	0)
    (2.71152584	1.12315078	0)
    (2.71714723	1.12547923	0)
    (2.72276862	1.12780769	0)
    (2.72839001	1.13013615	0)
    (2.73401140	1.13246460	0)
    (2.73963279	1.13479306	0)
    (2.74525418	1.13712151	0)
    (2.75087557	1.13944997	0)
    (2.75649695	1.14177842	0)
    (2.76211834	1.14410688	0)
    (2.76773973	1.14643533	0)
    (2.77336112	1.14876379	0)
    (2.77898251	1.15109224	0)
    (2.78460390	1.15342070	0)
    (2.79022529	1.15574916	0)
    (2.79584668	1.15807761	0)
    (2.80146807	1.16040607	0)
    (2.80708945	1.16273452	0)
    (2.81271084	1.16506298	0)
    (2.81833224	1.16739144	0)
    (2.82395363	1.16971989	0)
    (2.82756964	1.17121769	0)
    (2.82868839	1.17168109	0)
    (2.82980714	1.17214450	0)
    (2.83092590	1.17260790	0)
    (2.83204465	1.17307130	0)
    (2.83316340	1.17353471	0)
    (2.83428216	1.17399811	0)
    (2.83540091	1.17446151	0)
    (2.83651966	1.17492491	0)
    (2.83763842	1.17538832	0)
    (2.83875717	1.17585172	0)
    (2.83987592	1.17631512	0)
    (2.84099468	1.17677853	0)
    (2.84211343	1.17724193	0)
    (2.84323218	1.17770533	0)
    (2.84435094	1.17816873	0)
    (2.84546969	1.17863214	0)
    (2.84658844	1.17909554	0)
    (2.84770720	1.17955894	0)
    (2.84882594	1.18002234	0)
    (2.84994470	1.18048575	0)
    (2.85106345	1.18094915	0)
    (2.85218220	1.18141255	0)
    (2.85330096	1.18187595	0)
    (2.85441971	1.18233936	0)
    (2.85553846	1.18280276	0)
    (2.85665722	1.18326616	0)
    (2.85777597	1.18372956	0)
    (2.85889472	1.18419297	0)
    (2.86001348	1.18465637	0)
    (2.86113223	1.18511977	0)
    (2.86225098	1.18558318	0)
    (2.86336974	1.18604658	0)
    (2.86448849	1.18650998	0)

)
