// Points
400
(
    // min x
    (-1.4	-1.4	1.00000000e-06)
    (-1.4	-1.4	1.59798995e-02)
    (-1.4	-1.4	2.19597990e-02)
    (-1.4	-1.4	2.79396985e-02)
    (-1.4	-1.4	3.39195980e-02)
    (-1.4	-1.4	3.98994975e-02)
    (-1.4	-1.4	4.58793970e-02)
    (-1.4	-1.4	5.18592965e-02)
    (-1.4	-1.4	5.78391960e-02)
    (-1.4	-1.4	6.38190955e-02)
    (-1.4	-1.4	6.97989950e-02)
    (-1.4	-1.4	7.57788945e-02)
    (-1.4	-1.4	8.17587940e-02)
    (-1.4	-1.4	8.77386935e-02)
    (-1.4	-1.4	9.37185930e-02)
    (-1.4	-1.4	9.96984925e-02)
    (-1.4	-1.4	1.05678392e-01)
    (-1.4	-1.4	1.11658291e-01)
    (-1.4	-1.4	1.17638191e-01)
    (-1.4	-1.4	1.23618090e-01)
    (-1.4	-1.4	1.29597990e-01)
    (-1.4	-1.4	1.35577889e-01)
    (-1.4	-1.4	1.41557789e-01)
    (-1.4	-1.4	1.47537688e-01)
    (-1.4	-1.4	1.53517588e-01)
    (-1.4	-1.4	1.59497487e-01)
    (-1.4	-1.4	1.65477387e-01)
    (-1.4	-1.4	1.71457286e-01)
    (-1.4	-1.4	1.77437186e-01)
    (-1.4	-1.4	1.83417085e-01)
    (-1.4	-1.4	1.89396985e-01)
    (-1.4	-1.4	1.95376884e-01)
    (-1.4	-1.4	2.01356784e-01)
    (-1.4	-1.4	2.07336683e-01)
    (-1.4	-1.4	2.13316583e-01)
    (-1.4	-1.4	2.19296482e-01)
    (-1.4	-1.4	2.25276382e-01)
    (-1.4	-1.4	2.31256281e-01)
    (-1.4	-1.4	2.37236181e-01)
    (-1.4	-1.4	2.43216080e-01)
    (-1.4	-1.4	2.49195980e-01)
    (-1.4	-1.4	2.55175879e-01)
    (-1.4	-1.4	2.61155779e-01)
    (-1.4	-1.4	2.67135678e-01)
    (-1.4	-1.4	2.73115578e-01)
    (-1.4	-1.4	2.79095477e-01)
    (-1.4	-1.4	2.85075377e-01)
    (-1.4	-1.4	2.91055276e-01)
    (-1.4	-1.4	2.97035176e-01)
    (-1.4	-1.4	3.03015075e-01)
    (-1.4	-1.4	3.08994975e-01)
    (-1.4	-1.4	3.14974874e-01)
    (-1.4	-1.4	3.20954774e-01)
    (-1.4	-1.4	3.26934673e-01)
    (-1.4	-1.4	3.32914573e-01)
    (-1.4	-1.4	3.38894472e-01)
    (-1.4	-1.4	3.44874372e-01)
    (-1.4	-1.4	3.50854271e-01)
    (-1.4	-1.4	3.56834171e-01)
    (-1.4	-1.4	3.62814070e-01)
    (-1.4	-1.4	3.68793970e-01)
    (-1.4	-1.4	3.74773869e-01)
    (-1.4	-1.4	3.80753769e-01)
    (-1.4	-1.4	3.86733668e-01)
    (-1.4	-1.4	3.92713568e-01)
    (-1.4	-1.4	3.98693467e-01)
    (-1.4	-1.4	4.04673367e-01)
    (-1.4	-1.4	4.10653266e-01)
    (-1.4	-1.4	4.16633166e-01)
    (-1.4	-1.4	4.22613065e-01)
    (-1.4	-1.4	4.28592965e-01)
    (-1.4	-1.4	4.34572864e-01)
    (-1.4	-1.4	4.40552764e-01)
    (-1.4	-1.4	4.46532663e-01)
    (-1.4	-1.4	4.52512563e-01)
    (-1.4	-1.4	4.58492462e-01)
    (-1.4	-1.4	4.64472362e-01)
    (-1.4	-1.4	4.70452261e-01)
    (-1.4	-1.4	4.76432161e-01)
    (-1.4	-1.4	4.82412060e-01)
    (-1.4	-1.4	4.88391960e-01)
    (-1.4	-1.4	4.94371859e-01)
    (-1.4	-1.4	5.00351759e-01)
    (-1.4	-1.4	5.06331658e-01)
    (-1.4	-1.4	5.12311558e-01)
    (-1.4	-1.4	5.18291457e-01)
    (-1.4	-1.4	5.24271357e-01)
    (-1.4	-1.4	5.30251256e-01)
    (-1.4	-1.4	5.36231156e-01)
    (-1.4	-1.4	5.42211055e-01)
    (-1.4	-1.4	5.48190955e-01)
    (-1.4	-1.4	5.54170854e-01)
    (-1.4	-1.4	5.60150754e-01)
    (-1.4	-1.4	5.66130653e-01)
    (-1.4	-1.4	5.72110553e-01)
    (-1.4	-1.4	5.78090452e-01)
    (-1.4	-1.4	5.84070352e-01)
    (-1.4	-1.4	5.90050251e-01)
    (-1.4	-1.4	5.96030151e-01)
    (-1.4	-1.4	6.02010050e-01)
    (-1.4	-1.4	6.07989950e-01)
    (-1.4	-1.4	6.13969849e-01)
    (-1.4	-1.4	6.19949749e-01)
    (-1.4	-1.4	6.25929648e-01)
    (-1.4	-1.4	6.31909548e-01)
    (-1.4	-1.4	6.37889447e-01)
    (-1.4	-1.4	6.43869347e-01)
    (-1.4	-1.4	6.49849246e-01)
    (-1.4	-1.4	6.55829146e-01)
    (-1.4	-1.4	6.61809045e-01)
    (-1.4	-1.4	6.67788945e-01)
    (-1.4	-1.4	6.73768844e-01)
    (-1.4	-1.4	6.79748744e-01)
    (-1.4	-1.4	6.85728643e-01)
    (-1.4	-1.4	6.91708543e-01)
    (-1.4	-1.4	6.97688442e-01)
    (-1.4	-1.4	7.03668342e-01)
    (-1.4	-1.4	7.09648241e-01)
    (-1.4	-1.4	7.15628141e-01)
    (-1.4	-1.4	7.21608040e-01)
    (-1.4	-1.4	7.27587940e-01)
    (-1.4	-1.4	7.33567839e-01)
    (-1.4	-1.4	7.39547739e-01)
    (-1.4	-1.4	7.45527638e-01)
    (-1.4	-1.4	7.51507538e-01)
    (-1.4	-1.4	7.57487437e-01)
    (-1.4	-1.4	7.63467337e-01)
    (-1.4	-1.4	7.69447236e-01)
    (-1.4	-1.4	7.75427136e-01)
    (-1.4	-1.4	7.81407035e-01)
    (-1.4	-1.4	7.87386935e-01)
    (-1.4	-1.4	7.93366834e-01)
    (-1.4	-1.4	7.99346734e-01)
    (-1.4	-1.4	8.05326633e-01)
    (-1.4	-1.4	8.11306533e-01)
    (-1.4	-1.4	8.17286432e-01)
    (-1.4	-1.4	8.23266332e-01)
    (-1.4	-1.4	8.29246231e-01)
    (-1.4	-1.4	8.35226131e-01)
    (-1.4	-1.4	8.41206030e-01)
    (-1.4	-1.4	8.47185930e-01)
    (-1.4	-1.4	8.53165829e-01)
    (-1.4	-1.4	8.59145729e-01)
    (-1.4	-1.4	8.65125628e-01)
    (-1.4	-1.4	8.71105528e-01)
    (-1.4	-1.4	8.77085427e-01)
    (-1.4	-1.4	8.83065327e-01)
    (-1.4	-1.4	8.89045226e-01)
    (-1.4	-1.4	8.95025126e-01)
    (-1.4	-1.4	9.01005025e-01)
    (-1.4	-1.4	9.06984925e-01)
    (-1.4	-1.4	9.12964824e-01)
    (-1.4	-1.4	9.18944724e-01)
    (-1.4	-1.4	9.24924623e-01)
    (-1.4	-1.4	9.30904523e-01)
    (-1.4	-1.4	9.36884422e-01)
    (-1.4	-1.4	9.42864322e-01)
    (-1.4	-1.4	9.48844221e-01)
    (-1.4	-1.4	9.54824121e-01)
    (-1.4	-1.4	9.60804020e-01)
    (-1.4	-1.4	9.66783920e-01)
    (-1.4	-1.4	9.72763819e-01)
    (-1.4	-1.4	9.78743719e-01)
    (-1.4	-1.4	9.84723618e-01)
    (-1.4	-1.4	9.90703518e-01)
    (-1.4	-1.4	9.96683417e-01)
    (-1.4	-1.4	1.00266332e+00)
    (-1.4	-1.4	1.00864322e+00)
    (-1.4	-1.4	1.01462312e+00)
    (-1.4	-1.4	1.02060302e+00)
    (-1.4	-1.4	1.02658291e+00)
    (-1.4	-1.4	1.03256281e+00)
    (-1.4	-1.4	1.03854271e+00)
    (-1.4	-1.4	1.04452261e+00)
    (-1.4	-1.4	1.05050251e+00)
    (-1.4	-1.4	1.05648241e+00)
    (-1.4	-1.4	1.06246231e+00)
    (-1.4	-1.4	1.06844221e+00)
    (-1.4	-1.4	1.07442211e+00)
    (-1.4	-1.4	1.08040201e+00)
    (-1.4	-1.4	1.08638191e+00)
    (-1.4	-1.4	1.09236181e+00)
    (-1.4	-1.4	1.09834171e+00)
    (-1.4	-1.4	1.10432161e+00)
    (-1.4	-1.4	1.11030151e+00)
    (-1.4	-1.4	1.11628141e+00)
    (-1.4	-1.4	1.12226131e+00)
    (-1.4	-1.4	1.12824121e+00)
    (-1.4	-1.4	1.13422111e+00)
    (-1.4	-1.4	1.14020101e+00)
    (-1.4	-1.4	1.14618090e+00)
    (-1.4	-1.4	1.15216080e+00)
    (-1.4	-1.4	1.15814070e+00)
    (-1.4	-1.4	1.16412060e+00)
    (-1.4	-1.4	1.17010050e+00)
    (-1.4	-1.4	1.17608040e+00)
    (-1.4	-1.4	1.18206030e+00)
    (-1.4	-1.4	1.18804020e+00)
    (-1.4	-1.4	1.19402010e+00)
    (-1.4	-1.4	1.20000000e+00)

    //max x
    (3.0	-1.4	1.00000000e-06)
    (3.0	-1.4	1.59798995e-02)
    (3.0	-1.4	2.19597990e-02)
    (3.0	-1.4	2.79396985e-02)
    (3.0	-1.4	3.39195980e-02)
    (3.0	-1.4	3.98994975e-02)
    (3.0	-1.4	4.58793970e-02)
    (3.0	-1.4	5.18592965e-02)
    (3.0	-1.4	5.78391960e-02)
    (3.0	-1.4	6.38190955e-02)
    (3.0	-1.4	6.97989950e-02)
    (3.0	-1.4	7.57788945e-02)
    (3.0	-1.4	8.17587940e-02)
    (3.0	-1.4	8.77386935e-02)
    (3.0	-1.4	9.37185930e-02)
    (3.0	-1.4	9.96984925e-02)
    (3.0	-1.4	1.05678392e-01)
    (3.0	-1.4	1.11658291e-01)
    (3.0	-1.4	1.17638191e-01)
    (3.0	-1.4	1.23618090e-01)
    (3.0	-1.4	1.29597990e-01)
    (3.0	-1.4	1.35577889e-01)
    (3.0	-1.4	1.41557789e-01)
    (3.0	-1.4	1.47537688e-01)
    (3.0	-1.4	1.53517588e-01)
    (3.0	-1.4	1.59497487e-01)
    (3.0	-1.4	1.65477387e-01)
    (3.0	-1.4	1.71457286e-01)
    (3.0	-1.4	1.77437186e-01)
    (3.0	-1.4	1.83417085e-01)
    (3.0	-1.4	1.89396985e-01)
    (3.0	-1.4	1.95376884e-01)
    (3.0	-1.4	2.01356784e-01)
    (3.0	-1.4	2.07336683e-01)
    (3.0	-1.4	2.13316583e-01)
    (3.0	-1.4	2.19296482e-01)
    (3.0	-1.4	2.25276382e-01)
    (3.0	-1.4	2.31256281e-01)
    (3.0	-1.4	2.37236181e-01)
    (3.0	-1.4	2.43216080e-01)
    (3.0	-1.4	2.49195980e-01)
    (3.0	-1.4	2.55175879e-01)
    (3.0	-1.4	2.61155779e-01)
    (3.0	-1.4	2.67135678e-01)
    (3.0	-1.4	2.73115578e-01)
    (3.0	-1.4	2.79095477e-01)
    (3.0	-1.4	2.85075377e-01)
    (3.0	-1.4	2.91055276e-01)
    (3.0	-1.4	2.97035176e-01)
    (3.0	-1.4	3.03015075e-01)
    (3.0	-1.4	3.08994975e-01)
    (3.0	-1.4	3.14974874e-01)
    (3.0	-1.4	3.20954774e-01)
    (3.0	-1.4	3.26934673e-01)
    (3.0	-1.4	3.32914573e-01)
    (3.0	-1.4	3.38894472e-01)
    (3.0	-1.4	3.44874372e-01)
    (3.0	-1.4	3.50854271e-01)
    (3.0	-1.4	3.56834171e-01)
    (3.0	-1.4	3.62814070e-01)
    (3.0	-1.4	3.68793970e-01)
    (3.0	-1.4	3.74773869e-01)
    (3.0	-1.4	3.80753769e-01)
    (3.0	-1.4	3.86733668e-01)
    (3.0	-1.4	3.92713568e-01)
    (3.0	-1.4	3.98693467e-01)
    (3.0	-1.4	4.04673367e-01)
    (3.0	-1.4	4.10653266e-01)
    (3.0	-1.4	4.16633166e-01)
    (3.0	-1.4	4.22613065e-01)
    (3.0	-1.4	4.28592965e-01)
    (3.0	-1.4	4.34572864e-01)
    (3.0	-1.4	4.40552764e-01)
    (3.0	-1.4	4.46532663e-01)
    (3.0	-1.4	4.52512563e-01)
    (3.0	-1.4	4.58492462e-01)
    (3.0	-1.4	4.64472362e-01)
    (3.0	-1.4	4.70452261e-01)
    (3.0	-1.4	4.76432161e-01)
    (3.0	-1.4	4.82412060e-01)
    (3.0	-1.4	4.88391960e-01)
    (3.0	-1.4	4.94371859e-01)
    (3.0	-1.4	5.00351759e-01)
    (3.0	-1.4	5.06331658e-01)
    (3.0	-1.4	5.12311558e-01)
    (3.0	-1.4	5.18291457e-01)
    (3.0	-1.4	5.24271357e-01)
    (3.0	-1.4	5.30251256e-01)
    (3.0	-1.4	5.36231156e-01)
    (3.0	-1.4	5.42211055e-01)
    (3.0	-1.4	5.48190955e-01)
    (3.0	-1.4	5.54170854e-01)
    (3.0	-1.4	5.60150754e-01)
    (3.0	-1.4	5.66130653e-01)
    (3.0	-1.4	5.72110553e-01)
    (3.0	-1.4	5.78090452e-01)
    (3.0	-1.4	5.84070352e-01)
    (3.0	-1.4	5.90050251e-01)
    (3.0	-1.4	5.96030151e-01)
    (3.0	-1.4	6.02010050e-01)
    (3.0	-1.4	6.07989950e-01)
    (3.0	-1.4	6.13969849e-01)
    (3.0	-1.4	6.19949749e-01)
    (3.0	-1.4	6.25929648e-01)
    (3.0	-1.4	6.31909548e-01)
    (3.0	-1.4	6.37889447e-01)
    (3.0	-1.4	6.43869347e-01)
    (3.0	-1.4	6.49849246e-01)
    (3.0	-1.4	6.55829146e-01)
    (3.0	-1.4	6.61809045e-01)
    (3.0	-1.4	6.67788945e-01)
    (3.0	-1.4	6.73768844e-01)
    (3.0	-1.4	6.79748744e-01)
    (3.0	-1.4	6.85728643e-01)
    (3.0	-1.4	6.91708543e-01)
    (3.0	-1.4	6.97688442e-01)
    (3.0	-1.4	7.03668342e-01)
    (3.0	-1.4	7.09648241e-01)
    (3.0	-1.4	7.15628141e-01)
    (3.0	-1.4	7.21608040e-01)
    (3.0	-1.4	7.27587940e-01)
    (3.0	-1.4	7.33567839e-01)
    (3.0	-1.4	7.39547739e-01)
    (3.0	-1.4	7.45527638e-01)
    (3.0	-1.4	7.51507538e-01)
    (3.0	-1.4	7.57487437e-01)
    (3.0	-1.4	7.63467337e-01)
    (3.0	-1.4	7.69447236e-01)
    (3.0	-1.4	7.75427136e-01)
    (3.0	-1.4	7.81407035e-01)
    (3.0	-1.4	7.87386935e-01)
    (3.0	-1.4	7.93366834e-01)
    (3.0	-1.4	7.99346734e-01)
    (3.0	-1.4	8.05326633e-01)
    (3.0	-1.4	8.11306533e-01)
    (3.0	-1.4	8.17286432e-01)
    (3.0	-1.4	8.23266332e-01)
    (3.0	-1.4	8.29246231e-01)
    (3.0	-1.4	8.35226131e-01)
    (3.0	-1.4	8.41206030e-01)
    (3.0	-1.4	8.47185930e-01)
    (3.0	-1.4	8.53165829e-01)
    (3.0	-1.4	8.59145729e-01)
    (3.0	-1.4	8.65125628e-01)
    (3.0	-1.4	8.71105528e-01)
    (3.0	-1.4	8.77085427e-01)
    (3.0	-1.4	8.83065327e-01)
    (3.0	-1.4	8.89045226e-01)
    (3.0	-1.4	8.95025126e-01)
    (3.0	-1.4	9.01005025e-01)
    (3.0	-1.4	9.06984925e-01)
    (3.0	-1.4	9.12964824e-01)
    (3.0	-1.4	9.18944724e-01)
    (3.0	-1.4	9.24924623e-01)
    (3.0	-1.4	9.30904523e-01)
    (3.0	-1.4	9.36884422e-01)
    (3.0	-1.4	9.42864322e-01)
    (3.0	-1.4	9.48844221e-01)
    (3.0	-1.4	9.54824121e-01)
    (3.0	-1.4	9.60804020e-01)
    (3.0	-1.4	9.66783920e-01)
    (3.0	-1.4	9.72763819e-01)
    (3.0	-1.4	9.78743719e-01)
    (3.0	-1.4	9.84723618e-01)
    (3.0	-1.4	9.90703518e-01)
    (3.0	-1.4	9.96683417e-01)
    (3.0	-1.4	1.00266332e+00)
    (3.0	-1.4	1.00864322e+00)
    (3.0	-1.4	1.01462312e+00)
    (3.0	-1.4	1.02060302e+00)
    (3.0	-1.4	1.02658291e+00)
    (3.0	-1.4	1.03256281e+00)
    (3.0	-1.4	1.03854271e+00)
    (3.0	-1.4	1.04452261e+00)
    (3.0	-1.4	1.05050251e+00)
    (3.0	-1.4	1.05648241e+00)
    (3.0	-1.4	1.06246231e+00)
    (3.0	-1.4	1.06844221e+00)
    (3.0	-1.4	1.07442211e+00)
    (3.0	-1.4	1.08040201e+00)
    (3.0	-1.4	1.08638191e+00)
    (3.0	-1.4	1.09236181e+00)
    (3.0	-1.4	1.09834171e+00)
    (3.0	-1.4	1.10432161e+00)
    (3.0	-1.4	1.11030151e+00)
    (3.0	-1.4	1.11628141e+00)
    (3.0	-1.4	1.12226131e+00)
    (3.0	-1.4	1.12824121e+00)
    (3.0	-1.4	1.13422111e+00)
    (3.0	-1.4	1.14020101e+00)
    (3.0	-1.4	1.14618090e+00)
    (3.0	-1.4	1.15216080e+00)
    (3.0	-1.4	1.15814070e+00)
    (3.0	-1.4	1.16412060e+00)
    (3.0	-1.4	1.17010050e+00)
    (3.0	-1.4	1.17608040e+00)
    (3.0	-1.4	1.18206030e+00)
    (3.0	-1.4	1.18804020e+00)
    (3.0	-1.4	1.19402010e+00)
    (3.0	-1.4	1.20000000e+00)
)

// ************************************************************************* //
