/*--------------------------------*- C++ -*----------------------------------*\
  =========                 |
  \\      /  F ield         | OpenFOAM: The Open Source CFD Toolbox
   \\    /   O peration     | Website:  https://openfoam.org
    \\  /    A nd           | Version:  dev
     \\/     M anipulation  |
-------------------------------------------------------------------------------
Description
    Writes out values of fields interpolated to a specified list of points.
\*---------------------------------------------------------------------------*/

probes
{
    type            probes;
    libs            ("libsampling.so");
    enabled         yes;
    startTime       $../controlDict!foLfStart;
    endTime         $../controlDict!foLfEnd;
    executeControl  runTime;
    executeInterval $../controlDict!foLfDeltaT;
    writeControl    runTime;
    executeAtStart  false;
    writeInterval   $../controlDict!foLfDeltaT;
    setFormat       csv;
    interpolationScheme	cellPoint;
    fields          (UMeanMag kMean);

    probeLocations
    (
		(-0.06 0.0 0.01)
		(-0.06 0.0 0.04)
		(-0.06 0.0 0.08)
		(-0.06 0.0 0.12)
		(-0.06 0.0 0.14)
		(-0.06 0.0 0.16)
		(-0.06 0.0 0.17)
		(-0.06 0.0 0.19)
		(-0.06 0.0 0.22)
		(-0.06 0.0 0.28)
		(-0.04 0.0 0.17)
		(-0.04 0.0 0.19)
		(-0.04 0.0 0.22)
		(-0.04 0.0 0.28)
		(-0.02 0.0 0.17)
		(-0.02 0.0 0.19)
		(-0.02 0.0 0.22)
		(-0.02 0.0 0.28)
		(0.0   0.0 0.17)
		(0.0   0.0 0.19)
		(0.0   0.0 0.22)
		(0.0   0.0 0.28)
		(0.04  0.0 0.17)
		(0.04  0.0 0.19)
		(0.04  0.0 0.22)
		(0.04  0.0 0.28)
		(0.06  0.0 0.01)
		(0.06  0.0 0.04)
		(0.06  0.0 0.08)
		(0.06  0.0 0.12)
		(0.06  0.0 0.14)
		(0.06  0.0 0.16)
		(0.06  0.0 0.17)
		(0.06  0.0 0.19)
		(0.06  0.0 0.22)
		(0.06  0.0 0.28)
		(0.1   0.0 0.04)
		(0.1   0.0 0.08)
		(0.1   0.0 0.12)
		(0.1   0.0 0.14)
		(0.1   0.0 0.16)
		(0.1   0.0 0.17)
		(0.1   0.0 0.19)
		(0.1   0.0 0.22)
		(0.1   0.0 0.28)
		(0.16  0.0 0.01)
		(0.16  0.0 0.04)
		(0.16  0.0 0.08)
		(0.16  0.0 0.12)
		(0.16  0.0 0.14)
		(0.16  0.0 0.16)
		(0.16  0.0 0.17)
		(0.16  0.0 0.19)
		(0.16  0.0 0.22)
		(0.16  0.0 0.28)
		(0.26  0.0 0.01)
		(0.26  0.0 0.04)
		(0.26  0.0 0.08)
		(0.26  0.0 0.12)
		(0.26  0.0 0.14)
		(0.26  0.0 0.16)
		(0.26  0.0 0.17)
		(0.26  0.0 0.19)
		(0.26  0.0 0.22)
		(0.26  0.0 0.28)
		(-0.06 -0.02 0.01)
		(-0.06 -0.04 0.01)
		(-0.06 -0.05 0.01)
		(-0.06 -0.07 0.01)
		(-0.06 -0.09 0.01)
		(-0.06 -0.12 0.01)
		(-0.06 -0.16 0.01)
		(-0.04 -0.05 0.01)
		(-0.04 -0.07 0.01)
		(-0.04 -0.09 0.01)
		(-0.04 -0.12 0.01)
		(-0.04 -0.16 0.01)
		(-0.02 -0.05 0.01)
		(-0.02 -0.07 0.01)
		(-0.02 -0.09 0.01)
		(-0.02 -0.12 0.01)
		(-0.02 -0.16 0.01)
		(0.0   -0.05 0.01)
		(0.0   -0.07 0.01)
		(0.0   -0.09 0.01)
		(0.0   -0.12 0.01)
		(0.0   -0.16 0.01)
		(0.04  -0.05 0.01)
		(0.04  -0.07 0.01)
		(0.04  -0.09 0.01)
		(0.04  -0.12 0.01)
		(0.04  -0.16 0.01)
		(0.06  -0.02 0.01)
		(0.06  -0.04 0.01)
		(0.06  -0.05 0.01)
		(0.06  -0.07 0.01)
		(0.06  -0.09 0.01)
		(0.06  -0.12 0.01)
		(0.06  -0.16 0.01)
		(0.1   0.0 0.01)
		(0.1   -0.02 0.01)
		(0.1   -0.04 0.01)
		(0.1   -0.05 0.01)
		(0.1   -0.07 0.01)
		(0.1   -0.09 0.01)
		(0.1   -0.12 0.01)
		(0.1   -0.16 0.01)
		(0.16  -0.02 0.01)
		(0.16  -0.04 0.01)
		(0.16  -0.05 0.01)
		(0.16  -0.07 0.01)
		(0.16  -0.09 0.01)
		(0.16  -0.12 0.01)
		(0.16  -0.16 0.01)
		(0.26  -0.02 0.01)
		(0.26  -0.04 0.01)
		(0.26  -0.05 0.01)
		(0.26  -0.07 0.01)
		(0.26  -0.09 0.01)
		(0.26  -0.12 0.01)
		(0.26  -0.16 0.01)
		(-0.06 0.0 0.1)
		(-0.06 -0.02 0.1)
		(-0.06 -0.04 0.1)
		(-0.06 -0.05 0.1)
		(-0.06 -0.07 0.1)
		(-0.06 -0.09 0.1)
		(-0.06 -0.12 0.1)
		(-0.06 -0.16 0.1)
		(-0.04 -0.05 0.1)
		(-0.04 -0.07 0.1)
		(-0.04 -0.09 0.1)
		(-0.04 -0.12 0.1)
		(-0.04 -0.16 0.1)
		(-0.02 -0.05 0.1)
		(-0.02 -0.07 0.1)
		(-0.02 -0.09 0.1)
		(-0.02 -0.12 0.1)
		(-0.02 -0.16 0.1)
		(0.0   -0.05 0.1)
		(0.0   -0.07 0.1)
		(0.0   -0.09 0.1)
		(0.0   -0.12 0.1)
		(0.0   -0.16 0.1)
		(0.04  -0.05 0.1)
		(0.04  -0.07 0.1)
		(0.04  -0.09 0.1)
		(0.04  -0.12 0.1)
		(0.04  -0.16 0.1)
		(0.06  0.0 0.1)
		(0.06  -0.02 0.1)
		(0.06  -0.04 0.1)
		(0.06  -0.05 0.1)
		(0.06  -0.07 0.1)
		(0.06  -0.09 0.1)
		(0.06  -0.12 0.1)
		(0.06  -0.16 0.1)
		(0.1   0.0 0.1)
		(0.1   -0.02 0.1)
		(0.1   -0.04 0.1)
		(0.1   -0.05 0.1)
		(0.1   -0.07 0.1)
		(0.1   -0.09 0.1)
		(0.1   -0.12 0.1)
		(0.1   -0.16 0.1)
		(0.16  0.0 0.1)
		(0.16  -0.02 0.1)
		(0.16  -0.04 0.1)
		(0.16  -0.05 0.1)
		(0.16  -0.07 0.1)
		(0.16  -0.09 0.1)
		(0.16  -0.12 0.1)
		(0.16  -0.16 0.1)
		(0.26  0.0 0.1)
		(0.26  -0.02 0.1)
		(0.26  -0.04 0.1)
		(0.26  -0.05 0.1)
		(0.26  -0.07 0.1)
		(0.26  -0.09 0.1)
		(0.26  -0.12 0.1)
		(0.26  -0.16 0.1)
    );
}

// ************************************************************************* //
