400
(
    (2.37200000e+00	0	0)
    (2.40907538e+00	0	0)
    (2.45634171e+00	0	0)
    (2.52451256e+00	0	0)
    (2.61933668e+00	0	0)
    (2.72817085e+00	0	0)
    (2.83700503e+00	0	0)
    (2.92408543e+00	0	0)
    (2.96295477e+00	0	0)
    (3.00182412e+00	0	0)
    (3.04069347e+00	0	0)
    (3.10942044e+00	0	0)
    (3.17918593e+00	0	0)
    (3.24895142e+00	0	0)
    (3.31871692e+00	0	0)
    (3.38848241e+00	0	0)
    (3.40233467e+00	0	0)
    (3.41321809e+00	0	0)
    (3.42410151e+00	0	0)
    (3.43498492e+00	0	0)
    (3.44586834e+00	0	0)
    (3.45675176e+00	0	0)
    (3.46763518e+00	0	0)
    (3.47851859e+00	0	0)
    (3.49503015e+00	0	0)
    (3.51548141e+00	0	0)
    (3.53593266e+00	0	0)
    (3.55638392e+00	0	0)
    (3.57683518e+00	0	0)
    (3.59728643e+00	0	0)
    (3.61773769e+00	0	0)
    (3.63818894e+00	0	0)
    (3.65850452e+00	0	0)
    (3.67835779e+00	0	0)
    (3.69821106e+00	0	0)
    (3.71806432e+00	0	0)
    (3.73791759e+00	0	0)
    (3.75777085e+00	0	0)
    (3.77762412e+00	0	0)
    (3.79747739e+00	0	0)
    (3.81733065e+00	0	0)
    (3.84060000e+00	0	0)
    (3.86440000e+00	0	0)
    (3.88820000e+00	0	0)
    (3.91200000e+00	0	0)
    (3.93580000e+00	0	0)
    (3.95960000e+00	0	0)
    (3.98340000e+00	0	0)
    (4.00720000e+00	0	0)
    (4.03021608e+00	0	0)
    (4.05246131e+00	0	0)
    (4.07470653e+00	0	0)
    (4.09695176e+00	0	0)
    (4.11919698e+00	0	0)
    (4.14144221e+00	0	0)
    (4.16368744e+00	0	0)
    (4.18593266e+00	0	0)
    (4.20735779e+00	0	0)
    (4.22386231e+00	0	0)
    (4.24036683e+00	0	0)
    (4.25687136e+00	0	0)
    (4.27337588e+00	0	0)
    (4.28988040e+00	0	0)
    (4.30638492e+00	0	0)
    (4.32288945e+00	0	0)
    (4.33939397e+00	0	0)
    (4.35800151e+00	0	0)
    (4.37719698e+00	0	0)
    (4.39639246e+00	0	0)
    (4.41558794e+00	0	0)
    (4.43478342e+00	0	0)
    (4.45397889e+00	0	0)
    (4.47317437e+00	0	0)
    (4.49236985e+00	0	0)
    (4.51156533e+00	0	0)
    (4.53076080e+00	0	0)
    (4.54995628e+00	0	0)
    (4.56915176e+00	0	0)
    (4.58834724e+00	0	0)
    (4.60754271e+00	0	0)
    (4.62673819e+00	0	0)
    (4.64593367e+00	0	0)
    (4.66512915e+00	0	0)
    (4.68432462e+00	0	0)
    (4.70352010e+00	0	0)
    (4.72271558e+00	0	0)
    (4.74191106e+00	0	0)
    (4.76110653e+00	0	0)
    (4.78030201e+00	0	0)
    (4.79949749e+00	0	0)
    (4.81869296e+00	0	0)
    (4.83788844e+00	0	0)
    (4.85708392e+00	0	0)
    (4.87627940e+00	0	0)
    (4.89547487e+00	0	0)
    (4.91467035e+00	0	0)
    (4.93386583e+00	0	0)
    (4.95306131e+00	0	0)
    (4.97225678e+00	0	0)
    (4.99231658e+00	0	0)
    (5.01408342e+00	0	0)
    (5.03585025e+00	0	0)
    (5.05761709e+00	0	0)
    (5.07938392e+00	0	0)
    (5.10115075e+00	0	0)
    (5.12291759e+00	0	0)
    (5.14468442e+00	0	0)
    (5.16645126e+00	0	0)
    (5.18821809e+00	0	0)
    (5.20998492e+00	0	0)
    (5.23175176e+00	0	0)
    (5.25351859e+00	0	0)
    (5.27528543e+00	0	0)
    (5.29705226e+00	0	0)
    (5.31881910e+00	0	0)
    (5.34058593e+00	0	0)
    (5.36235276e+00	0	0)
    (5.38411960e+00	0	0)
    (5.40588643e+00	0	0)
    (5.42765327e+00	0	0)
    (5.44942010e+00	0	0)
    (5.47118693e+00	0	0)
    (5.49295377e+00	0	0)
    (5.51472060e+00	0	0)
    (5.53648744e+00	0	0)
    (5.55825427e+00	0	0)
    (5.58002111e+00	0	0)
    (5.60178794e+00	0	0)
    (5.62355477e+00	0	0)
    (5.64532161e+00	0	0)
    (5.66708844e+00	0	0)
    (5.68885528e+00	0	0)
    (5.71062211e+00	0	0)
    (5.72383970e+00	0	0)
    (5.73600879e+00	0	0)
    (5.74817789e+00	0	0)
    (5.76034698e+00	0	0)
    (5.77251608e+00	0	0)
    (5.78468518e+00	0	0)
    (5.79685427e+00	0	0)
    (5.80902337e+00	0	0)
    (5.82119246e+00	0	0)
    (5.83336156e+00	0	0)
    (5.84553065e+00	0	0)
    (5.85769975e+00	0	0)
    (5.86986884e+00	0	0)
    (5.88203794e+00	0	0)
    (5.89420704e+00	0	0)
    (5.90637613e+00	0	0)
    (5.91854523e+00	0	0)
    (5.93071432e+00	0	0)
    (5.94288342e+00	0	0)
    (5.95505251e+00	0	0)
    (5.96722161e+00	0	0)
    (5.97939070e+00	0	0)
    (5.99155980e+00	0	0)
    (6.00372889e+00	0	0)
    (6.01589799e+00	0	0)
    (6.02806709e+00	0	0)
    (6.04023618e+00	0	0)
    (6.05240528e+00	0	0)
    (6.06457437e+00	0	0)
    (6.07674347e+00	0	0)
    (6.08891256e+00	0	0)
    (6.10108166e+00	0	0)
    (6.11325075e+00	0	0)
    (6.12107864e+00	0	0)
    (6.12350050e+00	0	0)
    (6.12592236e+00	0	0)
    (6.12834422e+00	0	0)
    (6.13076608e+00	0	0)
    (6.13318794e+00	0	0)
    (6.13560980e+00	0	0)
    (6.13803166e+00	0	0)
    (6.14045352e+00	0	0)
    (6.14287538e+00	0	0)
    (6.14529724e+00	0	0)
    (6.14771910e+00	0	0)
    (6.15014095e+00	0	0)
    (6.15256281e+00	0	0)
    (6.15498467e+00	0	0)
    (6.15740653e+00	0	0)
    (6.15982839e+00	0	0)
    (6.16225025e+00	0	0)
    (6.16467211e+00	0	0)
    (6.16709397e+00	0	0)
    (6.16951583e+00	0	0)
    (6.17193769e+00	0	0)
    (6.17435955e+00	0	0)
    (6.17678141e+00	0	0)
    (6.17920327e+00	0	0)
    (6.18162513e+00	0	0)
    (6.18404698e+00	0	0)
    (6.18646884e+00	0	0)
    (6.18889070e+00	0	0)
    (6.19131256e+00	0	0)
    (6.19373442e+00	0	0)
    (6.19615628e+00	0	0)
    (6.19857814e+00	0	0)
    (6.20100000e+00	0	0)

    (2.37200000e+00	0	0)
    (2.40907538e+00	0	0)
    (2.45634171e+00	0	0)
    (2.52451256e+00	0	0)
    (2.61933668e+00	0	0)
    (2.72817085e+00	0	0)
    (2.83700503e+00	0	0)
    (2.92408543e+00	0	0)
    (2.96295477e+00	0	0)
    (3.00182412e+00	0	0)
    (3.04069347e+00	0	0)
    (3.10942044e+00	0	0)
    (3.17918593e+00	0	0)
    (3.24895142e+00	0	0)
    (3.31871692e+00	0	0)
    (3.38848241e+00	0	0)
    (3.40233467e+00	0	0)
    (3.41321809e+00	0	0)
    (3.42410151e+00	0	0)
    (3.43498492e+00	0	0)
    (3.44586834e+00	0	0)
    (3.45675176e+00	0	0)
    (3.46763518e+00	0	0)
    (3.47851859e+00	0	0)
    (3.49503015e+00	0	0)
    (3.51548141e+00	0	0)
    (3.53593266e+00	0	0)
    (3.55638392e+00	0	0)
    (3.57683518e+00	0	0)
    (3.59728643e+00	0	0)
    (3.61773769e+00	0	0)
    (3.63818894e+00	0	0)
    (3.65850452e+00	0	0)
    (3.67835779e+00	0	0)
    (3.69821106e+00	0	0)
    (3.71806432e+00	0	0)
    (3.73791759e+00	0	0)
    (3.75777085e+00	0	0)
    (3.77762412e+00	0	0)
    (3.79747739e+00	0	0)
    (3.81733065e+00	0	0)
    (3.84060000e+00	0	0)
    (3.86440000e+00	0	0)
    (3.88820000e+00	0	0)
    (3.91200000e+00	0	0)
    (3.93580000e+00	0	0)
    (3.95960000e+00	0	0)
    (3.98340000e+00	0	0)
    (4.00720000e+00	0	0)
    (4.03021608e+00	0	0)
    (4.05246131e+00	0	0)
    (4.07470653e+00	0	0)
    (4.09695176e+00	0	0)
    (4.11919698e+00	0	0)
    (4.14144221e+00	0	0)
    (4.16368744e+00	0	0)
    (4.18593266e+00	0	0)
    (4.20735779e+00	0	0)
    (4.22386231e+00	0	0)
    (4.24036683e+00	0	0)
    (4.25687136e+00	0	0)
    (4.27337588e+00	0	0)
    (4.28988040e+00	0	0)
    (4.30638492e+00	0	0)
    (4.32288945e+00	0	0)
    (4.33939397e+00	0	0)
    (4.35800151e+00	0	0)
    (4.37719698e+00	0	0)
    (4.39639246e+00	0	0)
    (4.41558794e+00	0	0)
    (4.43478342e+00	0	0)
    (4.45397889e+00	0	0)
    (4.47317437e+00	0	0)
    (4.49236985e+00	0	0)
    (4.51156533e+00	0	0)
    (4.53076080e+00	0	0)
    (4.54995628e+00	0	0)
    (4.56915176e+00	0	0)
    (4.58834724e+00	0	0)
    (4.60754271e+00	0	0)
    (4.62673819e+00	0	0)
    (4.64593367e+00	0	0)
    (4.66512915e+00	0	0)
    (4.68432462e+00	0	0)
    (4.70352010e+00	0	0)
    (4.72271558e+00	0	0)
    (4.74191106e+00	0	0)
    (4.76110653e+00	0	0)
    (4.78030201e+00	0	0)
    (4.79949749e+00	0	0)
    (4.81869296e+00	0	0)
    (4.83788844e+00	0	0)
    (4.85708392e+00	0	0)
    (4.87627940e+00	0	0)
    (4.89547487e+00	0	0)
    (4.91467035e+00	0	0)
    (4.93386583e+00	0	0)
    (4.95306131e+00	0	0)
    (4.97225678e+00	0	0)
    (4.99231658e+00	0	0)
    (5.01408342e+00	0	0)
    (5.03585025e+00	0	0)
    (5.05761709e+00	0	0)
    (5.07938392e+00	0	0)
    (5.10115075e+00	0	0)
    (5.12291759e+00	0	0)
    (5.14468442e+00	0	0)
    (5.16645126e+00	0	0)
    (5.18821809e+00	0	0)
    (5.20998492e+00	0	0)
    (5.23175176e+00	0	0)
    (5.25351859e+00	0	0)
    (5.27528543e+00	0	0)
    (5.29705226e+00	0	0)
    (5.31881910e+00	0	0)
    (5.34058593e+00	0	0)
    (5.36235276e+00	0	0)
    (5.38411960e+00	0	0)
    (5.40588643e+00	0	0)
    (5.42765327e+00	0	0)
    (5.44942010e+00	0	0)
    (5.47118693e+00	0	0)
    (5.49295377e+00	0	0)
    (5.51472060e+00	0	0)
    (5.53648744e+00	0	0)
    (5.55825427e+00	0	0)
    (5.58002111e+00	0	0)
    (5.60178794e+00	0	0)
    (5.62355477e+00	0	0)
    (5.64532161e+00	0	0)
    (5.66708844e+00	0	0)
    (5.68885528e+00	0	0)
    (5.71062211e+00	0	0)
    (5.72383970e+00	0	0)
    (5.73600879e+00	0	0)
    (5.74817789e+00	0	0)
    (5.76034698e+00	0	0)
    (5.77251608e+00	0	0)
    (5.78468518e+00	0	0)
    (5.79685427e+00	0	0)
    (5.80902337e+00	0	0)
    (5.82119246e+00	0	0)
    (5.83336156e+00	0	0)
    (5.84553065e+00	0	0)
    (5.85769975e+00	0	0)
    (5.86986884e+00	0	0)
    (5.88203794e+00	0	0)
    (5.89420704e+00	0	0)
    (5.90637613e+00	0	0)
    (5.91854523e+00	0	0)
    (5.93071432e+00	0	0)
    (5.94288342e+00	0	0)
    (5.95505251e+00	0	0)
    (5.96722161e+00	0	0)
    (5.97939070e+00	0	0)
    (5.99155980e+00	0	0)
    (6.00372889e+00	0	0)
    (6.01589799e+00	0	0)
    (6.02806709e+00	0	0)
    (6.04023618e+00	0	0)
    (6.05240528e+00	0	0)
    (6.06457437e+00	0	0)
    (6.07674347e+00	0	0)
    (6.08891256e+00	0	0)
    (6.10108166e+00	0	0)
    (6.11325075e+00	0	0)
    (6.12107864e+00	0	0)
    (6.12350050e+00	0	0)
    (6.12592236e+00	0	0)
    (6.12834422e+00	0	0)
    (6.13076608e+00	0	0)
    (6.13318794e+00	0	0)
    (6.13560980e+00	0	0)
    (6.13803166e+00	0	0)
    (6.14045352e+00	0	0)
    (6.14287538e+00	0	0)
    (6.14529724e+00	0	0)
    (6.14771910e+00	0	0)
    (6.15014095e+00	0	0)
    (6.15256281e+00	0	0)
    (6.15498467e+00	0	0)
    (6.15740653e+00	0	0)
    (6.15982839e+00	0	0)
    (6.16225025e+00	0	0)
    (6.16467211e+00	0	0)
    (6.16709397e+00	0	0)
    (6.16951583e+00	0	0)
    (6.17193769e+00	0	0)
    (6.17435955e+00	0	0)
    (6.17678141e+00	0	0)
    (6.17920327e+00	0	0)
    (6.18162513e+00	0	0)
    (6.18404698e+00	0	0)
    (6.18646884e+00	0	0)
    (6.18889070e+00	0	0)
    (6.19131256e+00	0	0)
    (6.19373442e+00	0	0)
    (6.19615628e+00	0	0)
    (6.19857814e+00	0	0)
    (6.20100000e+00	0	0)

)
