400
(
    (0.83862864	0.83862864	0)
    (0.85173677	0.85173677	0)
    (0.86844794	0.86844794	0)
    (0.89254998	0.89254998	0)
    (0.92607536	0.92607536	0)
    (0.96455406	0.96455406	0)
    (1.00303274	1.00303274	0)
    (1.03382031	1.03382031	0)
    (1.04756271	1.04756271	0)
    (1.06130510	1.06130510	0)
    (1.07504748	1.07504748	0)
    (1.09934614	1.09934614	0)
    (1.12401196	1.12401196	0)
    (1.14867779	1.14867779	0)
    (1.17334362	1.17334362	0)
    (1.19800945	1.19800945	0)
    (1.20290696	1.20290696	0)
    (1.20675483	1.20675483	0)
    (1.21060270	1.21060270	0)
    (1.21445057	1.21445057	0)
    (1.21829844	1.21829844	0)
    (1.22214631	1.22214631	0)
    (1.22599418	1.22599418	0)
    (1.22984205	1.22984205	0)
    (1.23567976	1.23567976	0)
    (1.24291037	1.24291037	0)
    (1.25014098	1.25014098	0)
    (1.25737159	1.25737159	0)
    (1.26460221	1.26460221	0)
    (1.27183282	1.27183282	0)
    (1.27906342	1.27906342	0)
    (1.28629404	1.28629404	0)
    (1.29347668	1.29347668	0)
    (1.30049586	1.30049586	0)
    (1.30751506	1.30751506	0)
    (1.31453425	1.31453425	0)
    (1.32155343	1.32155343	0)
    (1.32857263	1.32857263	0)
    (1.33559182	1.33559182	0)
    (1.34261100	1.34261100	0)
    (1.34963020	1.34963020	0)
    (1.35785715	1.35785715	0)
    (1.36627172	1.36627172	0)
    (1.37468629	1.37468629	0)
    (1.38310086	1.38310086	0)
    (1.39151543	1.39151543	0)
    (1.39993001	1.39993001	0)
    (1.40834458	1.40834458	0)
    (1.41675915	1.41675915	0)
    (1.42489656	1.42489656	0)
    (1.43276143	1.43276143	0)
    (1.44062631	1.44062631	0)
    (1.44849119	1.44849119	0)
    (1.45635606	1.45635606	0)
    (1.46422094	1.46422094	0)
    (1.47208581	1.47208581	0)
    (1.47995068	1.47995068	0)
    (1.48752561	1.48752561	0)
    (1.49336084	1.49336084	0)
    (1.49919607	1.49919607	0)
    (1.50503130	1.50503130	0)
    (1.51086653	1.51086653	0)
    (1.51670176	1.51670176	0)
    (1.52253699	1.52253699	0)
    (1.52837222	1.52837222	0)
    (1.53420745	1.53420745	0)
    (1.54078621	1.54078621	0)
    (1.54757283	1.54757283	0)
    (1.55435946	1.55435946	0)
    (1.56114609	1.56114609	0)
    (1.56793271	1.56793271	0)
    (1.57471934	1.57471934	0)
    (1.58150597	1.58150597	0)
    (1.58829259	1.58829259	0)
    (1.59507922	1.59507922	0)
    (1.60186584	1.60186584	0)
    (1.60865247	1.60865247	0)
    (1.61543910	1.61543910	0)
    (1.62222572	1.62222572	0)
    (1.62901235	1.62901235	0)
    (1.63579898	1.63579898	0)
    (1.64258560	1.64258560	0)
    (1.64937223	1.64937223	0)
    (1.65615885	1.65615885	0)
    (1.66294548	1.66294548	0)
    (1.66973211	1.66973211	0)
    (1.67651873	1.67651873	0)
    (1.68330536	1.68330536	0)
    (1.69009199	1.69009199	0)
    (1.69687861	1.69687861	0)
    (1.70366523	1.70366523	0)
    (1.71045186	1.71045186	0)
    (1.71723849	1.71723849	0)
    (1.72402512	1.72402512	0)
    (1.73081174	1.73081174	0)
    (1.73759837	1.73759837	0)
    (1.74438499	1.74438499	0)
    (1.75117162	1.75117162	0)
    (1.75795824	1.75795824	0)
    (1.76505045	1.76505045	0)
    (1.77274619	1.77274619	0)
    (1.78044193	1.78044193	0)
    (1.78813767	1.78813767	0)
    (1.79583341	1.79583341	0)
    (1.80352915	1.80352915	0)
    (1.81122488	1.81122488	0)
    (1.81892062	1.81892062	0)
    (1.82661636	1.82661636	0)
    (1.83431210	1.83431210	0)
    (1.84200783	1.84200783	0)
    (1.84970357	1.84970357	0)
    (1.85739931	1.85739931	0)
    (1.86509505	1.86509505	0)
    (1.87279079	1.87279079	0)
    (1.88048653	1.88048653	0)
    (1.88818226	1.88818226	0)
    (1.89587800	1.89587800	0)
    (1.90357374	1.90357374	0)
    (1.91126948	1.91126948	0)
    (1.91896521	1.91896521	0)
    (1.92666095	1.92666095	0)
    (1.93435669	1.93435669	0)
    (1.94205243	1.94205243	0)
    (1.94974817	1.94974817	0)
    (1.95744391	1.95744391	0)
    (1.96513965	1.96513965	0)
    (1.97283538	1.97283538	0)
    (1.98053112	1.98053112	0)
    (1.98822686	1.98822686	0)
    (1.99592259	1.99592259	0)
    (2.00361833	2.00361833	0)
    (2.01131407	2.01131407	0)
    (2.01900981	2.01900981	0)
    (2.02368293	2.02368293	0)
    (2.02798536	2.02798536	0)
    (2.03228778	2.03228778	0)
    (2.03659021	2.03659021	0)
    (2.04089263	2.04089263	0)
    (2.04519506	2.04519506	0)
    (2.04949749	2.04949749	0)
    (2.05379990	2.05379990	0)
    (2.05810233	2.05810233	0)
    (2.06240476	2.06240476	0)
    (2.06670718	2.06670718	0)
    (2.07100960	2.07100960	0)
    (2.07531203	2.07531203	0)
    (2.07961446	2.07961446	0)
    (2.08391688	2.08391688	0)
    (2.08821931	2.08821931	0)
    (2.09252173	2.09252173	0)
    (2.09682416	2.09682416	0)
    (2.10112658	2.10112658	0)
    (2.10542901	2.10542901	0)
    (2.10973143	2.10973143	0)
    (2.11403386	2.11403386	0)
    (2.11833628	2.11833628	0)
    (2.12263871	2.12263871	0)
    (2.12694113	2.12694113	0)
    (2.13124355	2.13124355	0)
    (2.13554598	2.13554598	0)
    (2.13984841	2.13984841	0)
    (2.14415083	2.14415083	0)
    (2.14845325	2.14845325	0)
    (2.15275568	2.15275568	0)
    (2.15705811	2.15705811	0)
    (2.16136053	2.16136053	0)
    (2.16412811	2.16412811	0)
    (2.16498436	2.16498436	0)
    (2.16584062	2.16584062	0)
    (2.16669688	2.16669688	0)
    (2.16755313	2.16755313	0)
    (2.16840939	2.16840939	0)
    (2.16926565	2.16926565	0)
    (2.17012190	2.17012190	0)
    (2.17097816	2.17097816	0)
    (2.17183442	2.17183442	0)
    (2.17269068	2.17269068	0)
    (2.17354693	2.17354693	0)
    (2.17440319	2.17440319	0)
    (2.17525945	2.17525945	0)
    (2.17611570	2.17611570	0)
    (2.17697196	2.17697196	0)
    (2.17782822	2.17782822	0)
    (2.17868447	2.17868447	0)
    (2.17954073	2.17954073	0)
    (2.18039698	2.18039698	0)
    (2.18125324	2.18125324	0)
    (2.18210949	2.18210949	0)
    (2.18296575	2.18296575	0)
    (2.18382201	2.18382201	0)
    (2.18467826	2.18467826	0)
    (2.18553452	2.18553452	0)
    (2.18639078	2.18639078	0)
    (2.18724703	2.18724703	0)
    (2.18810329	2.18810329	0)
    (2.18895955	2.18895955	0)
    (2.18981580	2.18981580	0)
    (2.19067206	2.19067206	0)
    (2.19152832	2.19152832	0)
    (2.19238458	2.19238458	0)

    (0.83862864	0.83862864	0)
    (0.85173677	0.85173677	0)
    (0.86844794	0.86844794	0)
    (0.89254998	0.89254998	0)
    (0.92607536	0.92607536	0)
    (0.96455406	0.96455406	0)
    (1.00303274	1.00303274	0)
    (1.03382031	1.03382031	0)
    (1.04756271	1.04756271	0)
    (1.06130510	1.06130510	0)
    (1.07504748	1.07504748	0)
    (1.09934614	1.09934614	0)
    (1.12401196	1.12401196	0)
    (1.14867779	1.14867779	0)
    (1.17334362	1.17334362	0)
    (1.19800945	1.19800945	0)
    (1.20290696	1.20290696	0)
    (1.20675483	1.20675483	0)
    (1.21060270	1.21060270	0)
    (1.21445057	1.21445057	0)
    (1.21829844	1.21829844	0)
    (1.22214631	1.22214631	0)
    (1.22599418	1.22599418	0)
    (1.22984205	1.22984205	0)
    (1.23567976	1.23567976	0)
    (1.24291037	1.24291037	0)
    (1.25014098	1.25014098	0)
    (1.25737159	1.25737159	0)
    (1.26460221	1.26460221	0)
    (1.27183282	1.27183282	0)
    (1.27906342	1.27906342	0)
    (1.28629404	1.28629404	0)
    (1.29347668	1.29347668	0)
    (1.30049586	1.30049586	0)
    (1.30751506	1.30751506	0)
    (1.31453425	1.31453425	0)
    (1.32155343	1.32155343	0)
    (1.32857263	1.32857263	0)
    (1.33559182	1.33559182	0)
    (1.34261100	1.34261100	0)
    (1.34963020	1.34963020	0)
    (1.35785715	1.35785715	0)
    (1.36627172	1.36627172	0)
    (1.37468629	1.37468629	0)
    (1.38310086	1.38310086	0)
    (1.39151543	1.39151543	0)
    (1.39993001	1.39993001	0)
    (1.40834458	1.40834458	0)
    (1.41675915	1.41675915	0)
    (1.42489656	1.42489656	0)
    (1.43276143	1.43276143	0)
    (1.44062631	1.44062631	0)
    (1.44849119	1.44849119	0)
    (1.45635606	1.45635606	0)
    (1.46422094	1.46422094	0)
    (1.47208581	1.47208581	0)
    (1.47995068	1.47995068	0)
    (1.48752561	1.48752561	0)
    (1.49336084	1.49336084	0)
    (1.49919607	1.49919607	0)
    (1.50503130	1.50503130	0)
    (1.51086653	1.51086653	0)
    (1.51670176	1.51670176	0)
    (1.52253699	1.52253699	0)
    (1.52837222	1.52837222	0)
    (1.53420745	1.53420745	0)
    (1.54078621	1.54078621	0)
    (1.54757283	1.54757283	0)
    (1.55435946	1.55435946	0)
    (1.56114609	1.56114609	0)
    (1.56793271	1.56793271	0)
    (1.57471934	1.57471934	0)
    (1.58150597	1.58150597	0)
    (1.58829259	1.58829259	0)
    (1.59507922	1.59507922	0)
    (1.60186584	1.60186584	0)
    (1.60865247	1.60865247	0)
    (1.61543910	1.61543910	0)
    (1.62222572	1.62222572	0)
    (1.62901235	1.62901235	0)
    (1.63579898	1.63579898	0)
    (1.64258560	1.64258560	0)
    (1.64937223	1.64937223	0)
    (1.65615885	1.65615885	0)
    (1.66294548	1.66294548	0)
    (1.66973211	1.66973211	0)
    (1.67651873	1.67651873	0)
    (1.68330536	1.68330536	0)
    (1.69009199	1.69009199	0)
    (1.69687861	1.69687861	0)
    (1.70366523	1.70366523	0)
    (1.71045186	1.71045186	0)
    (1.71723849	1.71723849	0)
    (1.72402512	1.72402512	0)
    (1.73081174	1.73081174	0)
    (1.73759837	1.73759837	0)
    (1.74438499	1.74438499	0)
    (1.75117162	1.75117162	0)
    (1.75795824	1.75795824	0)
    (1.76505045	1.76505045	0)
    (1.77274619	1.77274619	0)
    (1.78044193	1.78044193	0)
    (1.78813767	1.78813767	0)
    (1.79583341	1.79583341	0)
    (1.80352915	1.80352915	0)
    (1.81122488	1.81122488	0)
    (1.81892062	1.81892062	0)
    (1.82661636	1.82661636	0)
    (1.83431210	1.83431210	0)
    (1.84200783	1.84200783	0)
    (1.84970357	1.84970357	0)
    (1.85739931	1.85739931	0)
    (1.86509505	1.86509505	0)
    (1.87279079	1.87279079	0)
    (1.88048653	1.88048653	0)
    (1.88818226	1.88818226	0)
    (1.89587800	1.89587800	0)
    (1.90357374	1.90357374	0)
    (1.91126948	1.91126948	0)
    (1.91896521	1.91896521	0)
    (1.92666095	1.92666095	0)
    (1.93435669	1.93435669	0)
    (1.94205243	1.94205243	0)
    (1.94974817	1.94974817	0)
    (1.95744391	1.95744391	0)
    (1.96513965	1.96513965	0)
    (1.97283538	1.97283538	0)
    (1.98053112	1.98053112	0)
    (1.98822686	1.98822686	0)
    (1.99592259	1.99592259	0)
    (2.00361833	2.00361833	0)
    (2.01131407	2.01131407	0)
    (2.01900981	2.01900981	0)
    (2.02368293	2.02368293	0)
    (2.02798536	2.02798536	0)
    (2.03228778	2.03228778	0)
    (2.03659021	2.03659021	0)
    (2.04089263	2.04089263	0)
    (2.04519506	2.04519506	0)
    (2.04949749	2.04949749	0)
    (2.05379990	2.05379990	0)
    (2.05810233	2.05810233	0)
    (2.06240476	2.06240476	0)
    (2.06670718	2.06670718	0)
    (2.07100960	2.07100960	0)
    (2.07531203	2.07531203	0)
    (2.07961446	2.07961446	0)
    (2.08391688	2.08391688	0)
    (2.08821931	2.08821931	0)
    (2.09252173	2.09252173	0)
    (2.09682416	2.09682416	0)
    (2.10112658	2.10112658	0)
    (2.10542901	2.10542901	0)
    (2.10973143	2.10973143	0)
    (2.11403386	2.11403386	0)
    (2.11833628	2.11833628	0)
    (2.12263871	2.12263871	0)
    (2.12694113	2.12694113	0)
    (2.13124355	2.13124355	0)
    (2.13554598	2.13554598	0)
    (2.13984841	2.13984841	0)
    (2.14415083	2.14415083	0)
    (2.14845325	2.14845325	0)
    (2.15275568	2.15275568	0)
    (2.15705811	2.15705811	0)
    (2.16136053	2.16136053	0)
    (2.16412811	2.16412811	0)
    (2.16498436	2.16498436	0)
    (2.16584062	2.16584062	0)
    (2.16669688	2.16669688	0)
    (2.16755313	2.16755313	0)
    (2.16840939	2.16840939	0)
    (2.16926565	2.16926565	0)
    (2.17012190	2.17012190	0)
    (2.17097816	2.17097816	0)
    (2.17183442	2.17183442	0)
    (2.17269068	2.17269068	0)
    (2.17354693	2.17354693	0)
    (2.17440319	2.17440319	0)
    (2.17525945	2.17525945	0)
    (2.17611570	2.17611570	0)
    (2.17697196	2.17697196	0)
    (2.17782822	2.17782822	0)
    (2.17868447	2.17868447	0)
    (2.17954073	2.17954073	0)
    (2.18039698	2.18039698	0)
    (2.18125324	2.18125324	0)
    (2.18210949	2.18210949	0)
    (2.18296575	2.18296575	0)
    (2.18382201	2.18382201	0)
    (2.18467826	2.18467826	0)
    (2.18553452	2.18553452	0)
    (2.18639078	2.18639078	0)
    (2.18724703	2.18724703	0)
    (2.18810329	2.18810329	0)
    (2.18895955	2.18895955	0)
    (2.18981580	2.18981580	0)
    (2.19067206	2.19067206	0)
    (2.19152832	2.19152832	0)
    (2.19238458	2.19238458	0)

)
