400
(
    5.68875200e+01
    5.68875200e+01
    3.09257479e+01
    2.10972337e+01
    1.61401411e+01
    1.31243704e+01
    1.10890356e+01
    9.63346185e+00
    8.54029964e+00
    7.68633143e+00
    6.99020659e+00
    6.41997314e+00
    5.94417696e+00
    5.54104127e+00
    5.18711004e+00
    4.87739409e+00
    4.60614409e+00
    4.36657702e+00
    4.14707687e+00
    3.93730180e+00
    3.74848688e+00
    3.57763790e+00
    3.42230507e+00
    3.29782392e+00
    3.18560395e+00
    3.08217186e+00
    2.98651788e+00
    2.88953706e+00
    2.79035065e+00
    2.69799911e+00
    2.61179900e+00
    2.53133527e+00
    2.45964062e+00
    2.39226952e+00
    2.32884067e+00
    2.26901634e+00
    2.19992203e+00
    2.14460893e+00
    2.09814056e+00
    2.03940089e+00
    1.98579567e+00
    1.94341055e+00
    1.90302545e+00
    1.85946348e+00
    1.81782598e+00
    1.77803882e+00
    1.73998133e+00
    1.70156125e+00
    1.66325415e+00
    1.62650579e+00
    1.59122262e+00
    1.55673199e+00
    1.52014270e+00
    1.48490545e+00
    1.45094475e+00
    1.41819060e+00
    1.38872462e+00
    1.36109307e+00
    1.33440660e+00
    1.30861710e+00
    1.28367967e+00
    1.25955235e+00
    1.23619589e+00
    1.21357352e+00
    1.19165078e+00
    1.17039533e+00
    1.14977678e+00
    1.12751652e+00
    1.10477294e+00
    1.08265453e+00
    1.06113392e+00
    1.04018527e+00
    1.01978417e+00
    9.99907519e-01
    9.80533441e-01
    9.61641221e-01
    9.43211211e-01
    9.25224765e-01
    9.06936071e-01
    8.88604027e-01
    8.70677705e-01
    8.53140848e-01
    8.35977943e-01
    8.19174175e-01
    8.02715381e-01
    7.86588009e-01
    7.70779077e-01
    7.55276143e-01
    7.40067261e-01
    7.25352967e-01
    7.11078519e-01
    6.97063595e-01
    6.83298291e-01
    6.69773060e-01
    6.56478693e-01
    6.43406299e-01
    6.30547277e-01
    6.17893302e-01
    6.05436302e-01
    5.93168440e-01
    5.80478147e-01
    5.67354577e-01
    5.54392112e-01
    5.41582194e-01
    5.28916323e-01
    5.16386036e-01
    5.03982872e-01
    4.91698336e-01
    4.79523868e-01
    4.67450799e-01
    4.55470312e-01
    4.44250324e-01
    4.33966864e-01
    4.23772919e-01
    4.13661946e-01
    4.03627302e-01
    3.93662216e-01
    3.83759749e-01
    3.73912752e-01
    3.64113825e-01
    3.54355258e-01
    3.44628972e-01
    3.35268311e-01
    3.26473872e-01
    3.17707241e-01
    3.08961067e-01
    3.00227552e-01
    2.91498368e-01
    2.82764560e-01
    2.74016419e-01
    2.65243345e-01
    2.56433658e-01
    2.47574380e-01
    2.40586797e-01
    2.37473000e-01
    2.34398027e-01
    2.31360900e-01
    2.28360665e-01
    2.25396390e-01
    2.22467170e-01
    2.19572119e-01
    2.16710373e-01
    2.13881089e-01
    2.11083442e-01
    2.08316628e-01
    2.05579856e-01
    2.02872357e-01
    2.00193375e-01
    1.97542170e-01
    1.94918016e-01
    1.92320203e-01
    1.89748031e-01
    1.87200814e-01
    1.84677879e-01
    1.82178561e-01
    1.79702207e-01
    1.77248174e-01
    1.74815828e-01
    1.72404542e-01
    1.70013698e-01
    1.67642684e-01
    1.65290894e-01
    1.62957730e-01
    1.60642596e-01
    1.58601661e-01
    1.57000633e-01
    1.55416292e-01
    1.53848307e-01
    1.52296352e-01
    1.50760111e-01
    1.49239273e-01
    1.47733532e-01
    1.46242593e-01
    1.44766162e-01
    1.43303954e-01
    1.41855689e-01
    1.40421093e-01
    1.38999897e-01
    1.37591835e-01
    1.36196651e-01
    1.34814090e-01
    1.33443901e-01
    1.32085842e-01
    1.30739671e-01
    1.29405152e-01
    1.28082054e-01
    1.26770148e-01
    1.25469209e-01
    1.24179018e-01
    1.22899356e-01
    1.21630011e-01
    1.20370772e-01
    1.19121432e-01
    1.17881785e-01
    1.16651632e-01
    1.15430773e-01
    1.14219012e-01
    1.13016155e-01
    1.11822012e-01
    1.10636393e-01

    5.68875200e+01
    5.68875200e+01
    3.09257479e+01
    2.10972337e+01
    1.61401411e+01
    1.31243704e+01
    1.10890356e+01
    9.63346185e+00
    8.54029964e+00
    7.68633143e+00
    6.99020659e+00
    6.41997314e+00
    5.94417696e+00
    5.54104127e+00
    5.18711004e+00
    4.87739409e+00
    4.60614409e+00
    4.36657702e+00
    4.14707687e+00
    3.93730180e+00
    3.74848688e+00
    3.57763790e+00
    3.42230507e+00
    3.29782392e+00
    3.18560395e+00
    3.08217186e+00
    2.98651788e+00
    2.88953706e+00
    2.79035065e+00
    2.69799911e+00
    2.61179900e+00
    2.53133527e+00
    2.45964062e+00
    2.39226952e+00
    2.32884067e+00
    2.26901634e+00
    2.19992203e+00
    2.14460893e+00
    2.09814056e+00
    2.03940089e+00
    1.98579567e+00
    1.94341055e+00
    1.90302545e+00
    1.85946348e+00
    1.81782598e+00
    1.77803882e+00
    1.73998133e+00
    1.70156125e+00
    1.66325415e+00
    1.62650579e+00
    1.59122262e+00
    1.55673199e+00
    1.52014270e+00
    1.48490545e+00
    1.45094475e+00
    1.41819060e+00
    1.38872462e+00
    1.36109307e+00
    1.33440660e+00
    1.30861710e+00
    1.28367967e+00
    1.25955235e+00
    1.23619589e+00
    1.21357352e+00
    1.19165078e+00
    1.17039533e+00
    1.14977678e+00
    1.12751652e+00
    1.10477294e+00
    1.08265453e+00
    1.06113392e+00
    1.04018527e+00
    1.01978417e+00
    9.99907519e-01
    9.80533441e-01
    9.61641221e-01
    9.43211211e-01
    9.25224765e-01
    9.06936071e-01
    8.88604027e-01
    8.70677705e-01
    8.53140848e-01
    8.35977943e-01
    8.19174175e-01
    8.02715381e-01
    7.86588009e-01
    7.70779077e-01
    7.55276143e-01
    7.40067261e-01
    7.25352967e-01
    7.11078519e-01
    6.97063595e-01
    6.83298291e-01
    6.69773060e-01
    6.56478693e-01
    6.43406299e-01
    6.30547277e-01
    6.17893302e-01
    6.05436302e-01
    5.93168440e-01
    5.80478147e-01
    5.67354577e-01
    5.54392112e-01
    5.41582194e-01
    5.28916323e-01
    5.16386036e-01
    5.03982872e-01
    4.91698336e-01
    4.79523868e-01
    4.67450799e-01
    4.55470312e-01
    4.44250324e-01
    4.33966864e-01
    4.23772919e-01
    4.13661946e-01
    4.03627302e-01
    3.93662216e-01
    3.83759749e-01
    3.73912752e-01
    3.64113825e-01
    3.54355258e-01
    3.44628972e-01
    3.35268311e-01
    3.26473872e-01
    3.17707241e-01
    3.08961067e-01
    3.00227552e-01
    2.91498368e-01
    2.82764560e-01
    2.74016419e-01
    2.65243345e-01
    2.56433658e-01
    2.47574380e-01
    2.40586797e-01
    2.37473000e-01
    2.34398027e-01
    2.31360900e-01
    2.28360665e-01
    2.25396390e-01
    2.22467170e-01
    2.19572119e-01
    2.16710373e-01
    2.13881089e-01
    2.11083442e-01
    2.08316628e-01
    2.05579856e-01
    2.02872357e-01
    2.00193375e-01
    1.97542170e-01
    1.94918016e-01
    1.92320203e-01
    1.89748031e-01
    1.87200814e-01
    1.84677879e-01
    1.82178561e-01
    1.79702207e-01
    1.77248174e-01
    1.74815828e-01
    1.72404542e-01
    1.70013698e-01
    1.67642684e-01
    1.65290894e-01
    1.62957730e-01
    1.60642596e-01
    1.58601661e-01
    1.57000633e-01
    1.55416292e-01
    1.53848307e-01
    1.52296352e-01
    1.50760111e-01
    1.49239273e-01
    1.47733532e-01
    1.46242593e-01
    1.44766162e-01
    1.43303954e-01
    1.41855689e-01
    1.40421093e-01
    1.38999897e-01
    1.37591835e-01
    1.36196651e-01
    1.34814090e-01
    1.33443901e-01
    1.32085842e-01
    1.30739671e-01
    1.29405152e-01
    1.28082054e-01
    1.26770148e-01
    1.25469209e-01
    1.24179018e-01
    1.22899356e-01
    1.21630011e-01
    1.20370772e-01
    1.19121432e-01
    1.17881785e-01
    1.16651632e-01
    1.15430773e-01
    1.14219012e-01
    1.13016155e-01
    1.11822012e-01
    1.10636393e-01
)
