// Points
200
(
    // min y
	(-0.456 -0.55 0.000000e+00)
	(-0.456 -0.55 3.045685e-03)
	(-0.456 -0.55 6.091371e-03)
	(-0.456 -0.55 9.137056e-03)
	(-0.456 -0.55 1.218274e-02)
	(-0.456 -0.55 1.522843e-02)
	(-0.456 -0.55 1.827411e-02)
	(-0.456 -0.55 2.131980e-02)
	(-0.456 -0.55 2.436548e-02)
	(-0.456 -0.55 2.741117e-02)
	(-0.456 -0.55 3.045685e-02)
	(-0.456 -0.55 3.350254e-02)
	(-0.456 -0.55 3.654822e-02)
	(-0.456 -0.55 3.959391e-02)
	(-0.456 -0.55 4.263959e-02)
	(-0.456 -0.55 4.568528e-02)
	(-0.456 -0.55 4.873096e-02)
	(-0.456 -0.55 5.177665e-02)
	(-0.456 -0.55 5.482234e-02)
	(-0.456 -0.55 5.786802e-02)
	(-0.456 -0.55 6.091371e-02)
	(-0.456 -0.55 6.395939e-02)
	(-0.456 -0.55 6.700508e-02)
	(-0.456 -0.55 7.005076e-02)
	(-0.456 -0.55 7.309645e-02)
	(-0.456 -0.55 7.614213e-02)
	(-0.456 -0.55 7.918782e-02)
	(-0.456 -0.55 8.223350e-02)
	(-0.456 -0.55 8.527919e-02)
	(-0.456 -0.55 8.832487e-02)
	(-0.456 -0.55 9.137056e-02)
	(-0.456 -0.55 9.441624e-02)
	(-0.456 -0.55 9.746193e-02)
	(-0.456 -0.55 1.005076e-01)
	(-0.456 -0.55 1.035533e-01)
	(-0.456 -0.55 1.065990e-01)
	(-0.456 -0.55 1.096447e-01)
	(-0.456 -0.55 1.126904e-01)
	(-0.456 -0.55 1.157360e-01)
	(-0.456 -0.55 1.187817e-01)
	(-0.456 -0.55 1.218274e-01)
	(-0.456 -0.55 1.248731e-01)
	(-0.456 -0.55 1.279188e-01)
	(-0.456 -0.55 1.309645e-01)
	(-0.456 -0.55 1.340102e-01)
	(-0.456 -0.55 1.370558e-01)
	(-0.456 -0.55 1.401015e-01)
	(-0.456 -0.55 1.431472e-01)
	(-0.456 -0.55 1.461929e-01)
	(-0.456 -0.55 1.492386e-01)
	(-0.456 -0.55 1.522843e-01)
	(-0.456 -0.55 1.553299e-01)
	(-0.456 -0.55 1.583756e-01)
	(-0.456 -0.55 1.614213e-01)
	(-0.456 -0.55 1.644670e-01)
	(-0.456 -0.55 1.675127e-01)
	(-0.456 -0.55 1.705584e-01)
	(-0.456 -0.55 1.736041e-01)
	(-0.456 -0.55 1.766497e-01)
	(-0.456 -0.55 1.796954e-01)
	(-0.456 -0.55 1.827411e-01)
	(-0.456 -0.55 1.857868e-01)
	(-0.456 -0.55 1.888325e-01)
	(-0.456 -0.55 1.918782e-01)
	(-0.456 -0.55 1.949239e-01)
	(-0.456 -0.55 1.979695e-01)
	(-0.456 -0.55 2.010152e-01)
	(-0.456 -0.55 2.040609e-01)
	(-0.456 -0.55 2.071066e-01)
	(-0.456 -0.55 2.101523e-01)
	(-0.456 -0.55 2.131980e-01)
	(-0.456 -0.55 2.162437e-01)
	(-0.456 -0.55 2.192893e-01)
	(-0.456 -0.55 2.223350e-01)
	(-0.456 -0.55 2.253807e-01)
	(-0.456 -0.55 2.284264e-01)
	(-0.456 -0.55 2.314721e-01)
	(-0.456 -0.55 2.345178e-01)
	(-0.456 -0.55 2.375635e-01)
	(-0.456 -0.55 2.406091e-01)
	(-0.456 -0.55 2.436548e-01)
	(-0.456 -0.55 2.467005e-01)
	(-0.456 -0.55 2.497462e-01)
	(-0.456 -0.55 2.527919e-01)
	(-0.456 -0.55 2.558376e-01)
	(-0.456 -0.55 2.588832e-01)
	(-0.456 -0.55 2.619289e-01)
	(-0.456 -0.55 2.649746e-01)
	(-0.456 -0.55 2.680203e-01)
	(-0.456 -0.55 2.710660e-01)
	(-0.456 -0.55 2.741117e-01)
	(-0.456 -0.55 2.771574e-01)
	(-0.456 -0.55 2.802030e-01)
	(-0.456 -0.55 2.832487e-01)
	(-0.456 -0.55 2.862944e-01)
	(-0.456 -0.55 2.893401e-01)
	(-0.456 -0.55 2.923858e-01)
	(-0.456 -0.55 2.954315e-01)
	(-0.456 -0.55 2.984772e-01)
	(-0.456 -0.55 3.015228e-01)
	(-0.456 -0.55 3.045685e-01)
	(-0.456 -0.55 3.076142e-01)
	(-0.456 -0.55 3.106599e-01)
	(-0.456 -0.55 3.137056e-01)
	(-0.456 -0.55 3.167513e-01)
	(-0.456 -0.55 3.197970e-01)
	(-0.456 -0.55 3.228426e-01)
	(-0.456 -0.55 3.258883e-01)
	(-0.456 -0.55 3.289340e-01)
	(-0.456 -0.55 3.319797e-01)
	(-0.456 -0.55 3.350254e-01)
	(-0.456 -0.55 3.380711e-01)
	(-0.456 -0.55 3.411168e-01)
	(-0.456 -0.55 3.441624e-01)
	(-0.456 -0.55 3.472081e-01)
	(-0.456 -0.55 3.502538e-01)
	(-0.456 -0.55 3.532995e-01)
	(-0.456 -0.55 3.563452e-01)
	(-0.456 -0.55 3.593909e-01)
	(-0.456 -0.55 3.624365e-01)
	(-0.456 -0.55 3.654822e-01)
	(-0.456 -0.55 3.685279e-01)
	(-0.456 -0.55 3.715736e-01)
	(-0.456 -0.55 3.746193e-01)
	(-0.456 -0.55 3.776650e-01)
	(-0.456 -0.55 3.807107e-01)
	(-0.456 -0.55 3.837563e-01)
	(-0.456 -0.55 3.868020e-01)
	(-0.456 -0.55 3.898477e-01)
	(-0.456 -0.55 3.928934e-01)
	(-0.456 -0.55 3.959391e-01)
	(-0.456 -0.55 3.989848e-01)
	(-0.456 -0.55 4.020305e-01)
	(-0.456 -0.55 4.050761e-01)
	(-0.456 -0.55 4.081218e-01)
	(-0.456 -0.55 4.111675e-01)
	(-0.456 -0.55 4.142132e-01)
	(-0.456 -0.55 4.172589e-01)
	(-0.456 -0.55 4.203046e-01)
	(-0.456 -0.55 4.233503e-01)
	(-0.456 -0.55 4.263959e-01)
	(-0.456 -0.55 4.294416e-01)
	(-0.456 -0.55 4.324873e-01)
	(-0.456 -0.55 4.355330e-01)
	(-0.456 -0.55 4.385787e-01)
	(-0.456 -0.55 4.416244e-01)
	(-0.456 -0.55 4.446701e-01)
	(-0.456 -0.55 4.477157e-01)
	(-0.456 -0.55 4.507614e-01)
	(-0.456 -0.55 4.538071e-01)
	(-0.456 -0.55 4.568528e-01)
	(-0.456 -0.55 4.598985e-01)
	(-0.456 -0.55 4.629442e-01)
	(-0.456 -0.55 4.659898e-01)
	(-0.456 -0.55 4.690355e-01)
	(-0.456 -0.55 4.720812e-01)
	(-0.456 -0.55 4.751269e-01)
	(-0.456 -0.55 4.781726e-01)
	(-0.456 -0.55 4.812183e-01)
	(-0.456 -0.55 4.842640e-01)
	(-0.456 -0.55 4.873096e-01)
	(-0.456 -0.55 4.903553e-01)
	(-0.456 -0.55 4.934010e-01)
	(-0.456 -0.55 4.964467e-01)
	(-0.456 -0.55 4.994924e-01)
	(-0.456 -0.55 5.025381e-01)
	(-0.456 -0.55 5.055838e-01)
	(-0.456 -0.55 5.086294e-01)
	(-0.456 -0.55 5.116751e-01)
	(-0.456 -0.55 5.147208e-01)
	(-0.456 -0.55 5.177665e-01)
	(-0.456 -0.55 5.208122e-01)
	(-0.456 -0.55 5.238579e-01)
	(-0.456 -0.55 5.269036e-01)
	(-0.456 -0.55 5.299492e-01)
	(-0.456 -0.55 5.329949e-01)
	(-0.456 -0.55 5.360406e-01)
	(-0.456 -0.55 5.390863e-01)
	(-0.456 -0.55 5.421320e-01)
	(-0.456 -0.55 5.451777e-01)
	(-0.456 -0.55 5.482234e-01)
	(-0.456 -0.55 5.512690e-01)
	(-0.456 -0.55 5.543147e-01)
	(-0.456 -0.55 5.573604e-01)
	(-0.456 -0.55 5.604061e-01)
	(-0.456 -0.55 5.634518e-01)
	(-0.456 -0.55 5.664975e-01)
	(-0.456 -0.55 5.695431e-01)
	(-0.456 -0.55 5.725888e-01)
	(-0.456 -0.55 5.756345e-01)
	(-0.456 -0.55 5.786802e-01)
	(-0.456 -0.55 5.817259e-01)
	(-0.456 -0.55 5.847716e-01)
	(-0.456 -0.55 5.878173e-01)
	(-0.456 -0.55 5.908629e-01)
	(-0.456 -0.55 5.939086e-01)
	(-0.456 -0.55 5.969543e-01)
	(-0.456 -0.55 6.000000e-01)
    (-0.456 -0.55 8.000000e-01)
    (-0.456 -0.55 9.000000e-01)

    // max y
	(0.456 -0.55 0.000000e+00)
	(0.456 -0.55 3.045685e-03)
	(0.456 -0.55 6.091371e-03)
	(0.456 -0.55 9.137056e-03)
	(0.456 -0.55 1.218274e-02)
	(0.456 -0.55 1.522843e-02)
	(0.456 -0.55 1.827411e-02)
	(0.456 -0.55 2.131980e-02)
	(0.456 -0.55 2.436548e-02)
	(0.456 -0.55 2.741117e-02)
	(0.456 -0.55 3.045685e-02)
	(0.456 -0.55 3.350254e-02)
	(0.456 -0.55 3.654822e-02)
	(0.456 -0.55 3.959391e-02)
	(0.456 -0.55 4.263959e-02)
	(0.456 -0.55 4.568528e-02)
	(0.456 -0.55 4.873096e-02)
	(0.456 -0.55 5.177665e-02)
	(0.456 -0.55 5.482234e-02)
	(0.456 -0.55 5.786802e-02)
	(0.456 -0.55 6.091371e-02)
	(0.456 -0.55 6.395939e-02)
	(0.456 -0.55 6.700508e-02)
	(0.456 -0.55 7.005076e-02)
	(0.456 -0.55 7.309645e-02)
	(0.456 -0.55 7.614213e-02)
	(0.456 -0.55 7.918782e-02)
	(0.456 -0.55 8.223350e-02)
	(0.456 -0.55 8.527919e-02)
	(0.456 -0.55 8.832487e-02)
	(0.456 -0.55 9.137056e-02)
	(0.456 -0.55 9.441624e-02)
	(0.456 -0.55 9.746193e-02)
	(0.456 -0.55 1.005076e-01)
	(0.456 -0.55 1.035533e-01)
	(0.456 -0.55 1.065990e-01)
	(0.456 -0.55 1.096447e-01)
	(0.456 -0.55 1.126904e-01)
	(0.456 -0.55 1.157360e-01)
	(0.456 -0.55 1.187817e-01)
	(0.456 -0.55 1.218274e-01)
	(0.456 -0.55 1.248731e-01)
	(0.456 -0.55 1.279188e-01)
	(0.456 -0.55 1.309645e-01)
	(0.456 -0.55 1.340102e-01)
	(0.456 -0.55 1.370558e-01)
	(0.456 -0.55 1.401015e-01)
	(0.456 -0.55 1.431472e-01)
	(0.456 -0.55 1.461929e-01)
	(0.456 -0.55 1.492386e-01)
	(0.456 -0.55 1.522843e-01)
	(0.456 -0.55 1.553299e-01)
	(0.456 -0.55 1.583756e-01)
	(0.456 -0.55 1.614213e-01)
	(0.456 -0.55 1.644670e-01)
	(0.456 -0.55 1.675127e-01)
	(0.456 -0.55 1.705584e-01)
	(0.456 -0.55 1.736041e-01)
	(0.456 -0.55 1.766497e-01)
	(0.456 -0.55 1.796954e-01)
	(0.456 -0.55 1.827411e-01)
	(0.456 -0.55 1.857868e-01)
	(0.456 -0.55 1.888325e-01)
	(0.456 -0.55 1.918782e-01)
	(0.456 -0.55 1.949239e-01)
	(0.456 -0.55 1.979695e-01)
	(0.456 -0.55 2.010152e-01)
	(0.456 -0.55 2.040609e-01)
	(0.456 -0.55 2.071066e-01)
	(0.456 -0.55 2.101523e-01)
	(0.456 -0.55 2.131980e-01)
	(0.456 -0.55 2.162437e-01)
	(0.456 -0.55 2.192893e-01)
	(0.456 -0.55 2.223350e-01)
	(0.456 -0.55 2.253807e-01)
	(0.456 -0.55 2.284264e-01)
	(0.456 -0.55 2.314721e-01)
	(0.456 -0.55 2.345178e-01)
	(0.456 -0.55 2.375635e-01)
	(0.456 -0.55 2.406091e-01)
	(0.456 -0.55 2.436548e-01)
	(0.456 -0.55 2.467005e-01)
	(0.456 -0.55 2.497462e-01)
	(0.456 -0.55 2.527919e-01)
	(0.456 -0.55 2.558376e-01)
	(0.456 -0.55 2.588832e-01)
	(0.456 -0.55 2.619289e-01)
	(0.456 -0.55 2.649746e-01)
	(0.456 -0.55 2.680203e-01)
	(0.456 -0.55 2.710660e-01)
	(0.456 -0.55 2.741117e-01)
	(0.456 -0.55 2.771574e-01)
	(0.456 -0.55 2.802030e-01)
	(0.456 -0.55 2.832487e-01)
	(0.456 -0.55 2.862944e-01)
	(0.456 -0.55 2.893401e-01)
	(0.456 -0.55 2.923858e-01)
	(0.456 -0.55 2.954315e-01)
	(0.456 -0.55 2.984772e-01)
	(0.456 -0.55 3.015228e-01)
	(0.456 -0.55 3.045685e-01)
	(0.456 -0.55 3.076142e-01)
	(0.456 -0.55 3.106599e-01)
	(0.456 -0.55 3.137056e-01)
	(0.456 -0.55 3.167513e-01)
	(0.456 -0.55 3.197970e-01)
	(0.456 -0.55 3.228426e-01)
	(0.456 -0.55 3.258883e-01)
	(0.456 -0.55 3.289340e-01)
	(0.456 -0.55 3.319797e-01)
	(0.456 -0.55 3.350254e-01)
	(0.456 -0.55 3.380711e-01)
	(0.456 -0.55 3.411168e-01)
	(0.456 -0.55 3.441624e-01)
	(0.456 -0.55 3.472081e-01)
	(0.456 -0.55 3.502538e-01)
	(0.456 -0.55 3.532995e-01)
	(0.456 -0.55 3.563452e-01)
	(0.456 -0.55 3.593909e-01)
	(0.456 -0.55 3.624365e-01)
	(0.456 -0.55 3.654822e-01)
	(0.456 -0.55 3.685279e-01)
	(0.456 -0.55 3.715736e-01)
	(0.456 -0.55 3.746193e-01)
	(0.456 -0.55 3.776650e-01)
	(0.456 -0.55 3.807107e-01)
	(0.456 -0.55 3.837563e-01)
	(0.456 -0.55 3.868020e-01)
	(0.456 -0.55 3.898477e-01)
	(0.456 -0.55 3.928934e-01)
	(0.456 -0.55 3.959391e-01)
	(0.456 -0.55 3.989848e-01)
	(0.456 -0.55 4.020305e-01)
	(0.456 -0.55 4.050761e-01)
	(0.456 -0.55 4.081218e-01)
	(0.456 -0.55 4.111675e-01)
	(0.456 -0.55 4.142132e-01)
	(0.456 -0.55 4.172589e-01)
	(0.456 -0.55 4.203046e-01)
	(0.456 -0.55 4.233503e-01)
	(0.456 -0.55 4.263959e-01)
	(0.456 -0.55 4.294416e-01)
	(0.456 -0.55 4.324873e-01)
	(0.456 -0.55 4.355330e-01)
	(0.456 -0.55 4.385787e-01)
	(0.456 -0.55 4.416244e-01)
	(0.456 -0.55 4.446701e-01)
	(0.456 -0.55 4.477157e-01)
	(0.456 -0.55 4.507614e-01)
	(0.456 -0.55 4.538071e-01)
	(0.456 -0.55 4.568528e-01)
	(0.456 -0.55 4.598985e-01)
	(0.456 -0.55 4.629442e-01)
	(0.456 -0.55 4.659898e-01)
	(0.456 -0.55 4.690355e-01)
	(0.456 -0.55 4.720812e-01)
	(0.456 -0.55 4.751269e-01)
	(0.456 -0.55 4.781726e-01)
	(0.456 -0.55 4.812183e-01)
	(0.456 -0.55 4.842640e-01)
	(0.456 -0.55 4.873096e-01)
	(0.456 -0.55 4.903553e-01)
	(0.456 -0.55 4.934010e-01)
	(0.456 -0.55 4.964467e-01)
	(0.456 -0.55 4.994924e-01)
	(0.456 -0.55 5.025381e-01)
	(0.456 -0.55 5.055838e-01)
	(0.456 -0.55 5.086294e-01)
	(0.456 -0.55 5.116751e-01)
	(0.456 -0.55 5.147208e-01)
	(0.456 -0.55 5.177665e-01)
	(0.456 -0.55 5.208122e-01)
	(0.456 -0.55 5.238579e-01)
	(0.456 -0.55 5.269036e-01)
	(0.456 -0.55 5.299492e-01)
	(0.456 -0.55 5.329949e-01)
	(0.456 -0.55 5.360406e-01)
	(0.456 -0.55 5.390863e-01)
	(0.456 -0.55 5.421320e-01)
	(0.456 -0.55 5.451777e-01)
	(0.456 -0.55 5.482234e-01)
	(0.456 -0.55 5.512690e-01)
	(0.456 -0.55 5.543147e-01)
	(0.456 -0.55 5.573604e-01)
	(0.456 -0.55 5.604061e-01)
	(0.456 -0.55 5.634518e-01)
	(0.456 -0.55 5.664975e-01)
	(0.456 -0.55 5.695431e-01)
	(0.456 -0.55 5.725888e-01)
	(0.456 -0.55 5.756345e-01)
	(0.456 -0.55 5.786802e-01)
	(0.456 -0.55 5.817259e-01)
	(0.456 -0.55 5.847716e-01)
	(0.456 -0.55 5.878173e-01)
	(0.456 -0.55 5.908629e-01)
	(0.456 -0.55 5.939086e-01)
	(0.456 -0.55 5.969543e-01)
	(0.456 -0.55 6.000000e-01)
    (0.456 -0.55 8.000000e-01)
    (0.456 -0.55 9.000000e-01)
)

