400
(
    7.087286e+02
    7.087286e+02
    3.836521e+02
    2.739049e+02
    2.181850e+02
    1.788626e+02
    1.509405e+02
    1.309761e+02
    1.159860e+02
    1.035658e+02
    9.345094e+01
    8.517456e+01
    7.827706e+01
    7.244024e+01
    6.743682e+01
    6.310012e+01
    5.930513e+01
    5.595626e+01
    5.297916e+01
    5.031513e+01
    4.791721e+01
    4.574738e+01
    4.377456e+01
    4.197303e+01
    4.032140e+01
    3.879384e+01
    3.737108e+01
    3.605358e+01
    3.483007e+01
    3.369082e+01
    3.262742e+01
    3.163251e+01
    3.069969e+01
    2.982331e+01
    2.899838e+01
    2.822050e+01
    2.748574e+01
    2.679062e+01
    2.613200e+01
    2.550708e+01
    2.491332e+01
    2.434846e+01
    2.369683e+01
    2.307045e+01
    2.247230e+01
    2.190050e+01
    2.135332e+01
    2.082919e+01
    2.032668e+01
    1.984444e+01
    1.946148e+01
    1.911965e+01
    1.879089e+01
    1.847445e+01
    1.816966e+01
    1.787588e+01
    1.759251e+01
    1.731902e+01
    1.698934e+01
    1.661596e+01
    1.625460e+01
    1.590465e+01
    1.556555e+01
    1.534728e+01
    1.520286e+01
    1.506231e+01
    1.486023e+01
    1.453504e+01
    1.421868e+01
    1.391130e+01
    1.362205e+01
    1.334034e+01
    1.306587e+01
    1.279830e+01
    1.255493e+01
    1.243898e+01
    1.232587e+01
    1.221549e+01
    1.210774e+01
    1.200253e+01
    1.189976e+01
    1.179934e+01
    1.170119e+01
    1.154411e+01
    1.138523e+01
    1.123005e+01
    1.107844e+01
    1.093027e+01
    1.078544e+01
    1.064382e+01
    1.050530e+01
    1.036979e+01
    1.023719e+01
    1.010741e+01
    9.980343e+00
    9.855916e+00
    9.734044e+00
    9.614647e+00
    9.497649e+00
    9.383500e+00
    9.272116e+00
    9.162905e+00
    9.055803e+00
    8.950748e+00
    8.847680e+00
    8.746544e+00
    8.647283e+00
    8.549845e+00
    8.454180e+00
    8.360238e+00
    8.267972e+00
    8.177337e+00
    8.088289e+00
    8.000785e+00
    7.914785e+00
    7.828689e+00
    7.726973e+00
    7.626844e+00
    7.528260e+00
    7.431181e+00
    7.335567e+00
    7.241379e+00
    7.148580e+00
    7.057134e+00
    6.967006e+00
    6.878162e+00
    6.790570e+00
    6.704197e+00
    6.619012e+00
    6.534986e+00
    6.452090e+00
    6.370294e+00
    6.296997e+00
    6.228397e+00
    6.160749e+00
    6.094031e+00
    6.028222e+00
    5.963300e+00
    5.899246e+00
    5.836041e+00
    5.773664e+00
    5.712099e+00
    5.651327e+00
    5.591330e+00
    5.532091e+00
    5.473595e+00
    5.415825e+00
    5.358764e+00
    5.302399e+00
    5.246714e+00
    5.191695e+00
    5.137328e+00
    5.083598e+00
    5.030492e+00
    4.977998e+00
    4.926103e+00
    4.874793e+00
    4.824058e+00
    4.773884e+00
    4.724261e+00
    4.675178e+00
    4.626622e+00
    4.578583e+00
    4.531052e+00
    4.484016e+00
    4.446218e+00
    4.410590e+00
    4.375372e+00
    4.340556e+00
    4.306134e+00
    4.272099e+00
    4.238444e+00
    4.205164e+00
    4.172250e+00
    4.139697e+00
    4.107498e+00
    4.075648e+00
    4.044139e+00
    4.012967e+00
    3.982126e+00
    3.951609e+00
    3.921412e+00
    3.891529e+00
    3.861955e+00
    3.832684e+00
    3.803712e+00
    3.775033e+00
    3.746644e+00
    3.718538e+00
    3.690713e+00
    3.663162e+00
    3.635881e+00
    3.608867e+00
    3.582114e+00
    3.555620e+00
    3.529379e+00
    3.503387e+00
    3.477642e+00
    3.470000e+00
    3.470000e+00

    7.087286e+02
    7.087286e+02
    3.836521e+02
    2.739049e+02
    2.181850e+02
    1.788626e+02
    1.509405e+02
    1.309761e+02
    1.159860e+02
    1.035658e+02
    9.345094e+01
    8.517456e+01
    7.827706e+01
    7.244024e+01
    6.743682e+01
    6.310012e+01
    5.930513e+01
    5.595626e+01
    5.297916e+01
    5.031513e+01
    4.791721e+01
    4.574738e+01
    4.377456e+01
    4.197303e+01
    4.032140e+01
    3.879384e+01
    3.737108e+01
    3.605358e+01
    3.483007e+01
    3.369082e+01
    3.262742e+01
    3.163251e+01
    3.069969e+01
    2.982331e+01
    2.899838e+01
    2.822050e+01
    2.748574e+01
    2.679062e+01
    2.613200e+01
    2.550708e+01
    2.491332e+01
    2.434846e+01
    2.369683e+01
    2.307045e+01
    2.247230e+01
    2.190050e+01
    2.135332e+01
    2.082919e+01
    2.032668e+01
    1.984444e+01
    1.946148e+01
    1.911965e+01
    1.879089e+01
    1.847445e+01
    1.816966e+01
    1.787588e+01
    1.759251e+01
    1.731902e+01
    1.698934e+01
    1.661596e+01
    1.625460e+01
    1.590465e+01
    1.556555e+01
    1.534728e+01
    1.520286e+01
    1.506231e+01
    1.486023e+01
    1.453504e+01
    1.421868e+01
    1.391130e+01
    1.362205e+01
    1.334034e+01
    1.306587e+01
    1.279830e+01
    1.255493e+01
    1.243898e+01
    1.232587e+01
    1.221549e+01
    1.210774e+01
    1.200253e+01
    1.189976e+01
    1.179934e+01
    1.170119e+01
    1.154411e+01
    1.138523e+01
    1.123005e+01
    1.107844e+01
    1.093027e+01
    1.078544e+01
    1.064382e+01
    1.050530e+01
    1.036979e+01
    1.023719e+01
    1.010741e+01
    9.980343e+00
    9.855916e+00
    9.734044e+00
    9.614647e+00
    9.497649e+00
    9.383500e+00
    9.272116e+00
    9.162905e+00
    9.055803e+00
    8.950748e+00
    8.847680e+00
    8.746544e+00
    8.647283e+00
    8.549845e+00
    8.454180e+00
    8.360238e+00
    8.267972e+00
    8.177337e+00
    8.088289e+00
    8.000785e+00
    7.914785e+00
    7.828689e+00
    7.726973e+00
    7.626844e+00
    7.528260e+00
    7.431181e+00
    7.335567e+00
    7.241379e+00
    7.148580e+00
    7.057134e+00
    6.967006e+00
    6.878162e+00
    6.790570e+00
    6.704197e+00
    6.619012e+00
    6.534986e+00
    6.452090e+00
    6.370294e+00
    6.296997e+00
    6.228397e+00
    6.160749e+00
    6.094031e+00
    6.028222e+00
    5.963300e+00
    5.899246e+00
    5.836041e+00
    5.773664e+00
    5.712099e+00
    5.651327e+00
    5.591330e+00
    5.532091e+00
    5.473595e+00
    5.415825e+00
    5.358764e+00
    5.302399e+00
    5.246714e+00
    5.191695e+00
    5.137328e+00
    5.083598e+00
    5.030492e+00
    4.977998e+00
    4.926103e+00
    4.874793e+00
    4.824058e+00
    4.773884e+00
    4.724261e+00
    4.675178e+00
    4.626622e+00
    4.578583e+00
    4.531052e+00
    4.484016e+00
    4.446218e+00
    4.410590e+00
    4.375372e+00
    4.340556e+00
    4.306134e+00
    4.272099e+00
    4.238444e+00
    4.205164e+00
    4.172250e+00
    4.139697e+00
    4.107498e+00
    4.075648e+00
    4.044139e+00
    4.012967e+00
    3.982126e+00
    3.951609e+00
    3.921412e+00
    3.891529e+00
    3.861955e+00
    3.832684e+00
    3.803712e+00
    3.775033e+00
    3.746644e+00
    3.718538e+00
    3.690713e+00
    3.663162e+00
    3.635881e+00
    3.608867e+00
    3.582114e+00
    3.555620e+00
    3.529379e+00
    3.503387e+00
    3.477642e+00
    3.470000e+00
    3.470000e+00
)
