400
(
    8.00000000e+08
    1.10817467e+02
    8.08426299e+01
    6.34725887e+01
    5.48809049e+01
    4.98595076e+01
    4.59785497e+01
    4.22841600e+01
    3.81579705e+01
    3.48036130e+01
    3.20227363e+01
    2.97709906e+01
    2.78492116e+01
    2.61872254e+01
    2.47353568e+01
    2.34558461e+01
    2.22661920e+01
    2.12004976e+01
    2.02424328e+01
    1.93763900e+01
    1.85896423e+01
    1.78717074e+01
    1.72138745e+01
    1.66088443e+01
    1.60290968e+01
    1.54782046e+01
    1.49669722e+01
    1.44912515e+01
    1.40474534e+01
    1.36324570e+01
    1.32435354e+01
    1.28782955e+01
    1.25305363e+01
    1.21892293e+01
    1.18670259e+01
    1.15623634e+01
    1.12738451e+01
    1.10002189e+01
    1.07403586e+01
    1.04932491e+01
    1.02579725e+01
    9.98701771e+00
    9.72125363e+00
    9.46724911e+00
    9.22423017e+00
    8.99148909e+00
    8.76837752e+00
    8.55430039e+00
    8.34871047e+00
    8.19597615e+00
    8.09211052e+00
    7.99182779e+00
    7.89493473e+00
    7.80125205e+00
    7.71061309e+00
    7.62286280e+00
    7.53785665e+00
    7.44571486e+00
    7.29901383e+00
    7.15708368e+00
    7.01969177e+00
    6.88662027e+00
    6.75766503e+00
    6.63263455e+00
    6.51134894e+00
    6.39363913e+00
    6.29249088e+00
    6.19790190e+00
    6.10602677e+00
    6.01675030e+00
    5.92996372e+00
    5.84556424e+00
    5.76345464e+00
    5.68354294e+00
    5.60574199e+00
    5.52996920e+00
    5.45614624e+00
    5.38419875e+00
    5.31405611e+00
    5.24565121e+00
    5.17892020e+00
    5.11380234e+00
    5.05023981e+00
    4.98817748e+00
    4.92756282e+00
    4.86834572e+00
    4.81047836e+00
    4.75391508e+00
    4.69861223e+00
    4.64452813e+00
    4.59162287e+00
    4.53985831e+00
    4.48919790e+00
    4.43960665e+00
    4.39105104e+00
    4.34349893e+00
    4.29691949e+00
    4.25128315e+00
    4.20656153e+00
    4.15386120e+00
    4.08472923e+00
    4.01674872e+00
    3.94988225e+00
    3.88409368e+00
    3.81934810e+00
    3.75561173e+00
    3.69285190e+00
    3.63103696e+00
    3.57013624e+00
    3.51011998e+00
    3.45095931e+00
    3.39262616e+00
    3.33509325e+00
    3.27833400e+00
    3.22232253e+00
    3.16703361e+00
    3.11244257e+00
    3.05852532e+00
    3.00525827e+00
    2.95261832e+00
    2.90058279e+00
    2.84912939e+00
    2.79823619e+00
    2.74788158e+00
    2.69804421e+00
    2.64870297e+00
    2.59983694e+00
    2.55142536e+00
    2.50344755e+00
    2.45588290e+00
    2.40871081e+00
    2.36191064e+00
    2.31546162e+00
    2.27154564e+00
    2.22823250e+00
    2.18523486e+00
    2.14253410e+00
    2.10011143e+00
    2.05794778e+00
    2.01602376e+00
    1.97431959e+00
    1.93281500e+00
    1.89148916e+00
    1.85032058e+00
    1.80928700e+00
    1.76836526e+00
    1.72753116e+00
    1.68675932e+00
    1.64602294e+00
    1.60529364e+00
    1.56454120e+00
    1.52373321e+00
    1.48283480e+00
    1.44180817e+00
    1.40061211e+00
    1.35920139e+00
    1.31752605e+00
    1.27553045e+00
    1.23315216e+00
    1.19032055e+00
    1.14695495e+00
    1.10296232e+00
    1.05823412e+00
    1.01264223e+00
    9.66033226e-01
    9.18220529e-01
    8.84424565e-01
    8.69485535e-01
    8.54613902e-01
    8.39804739e-01
    8.25053018e-01
    8.10353587e-01
    7.95701160e-01
    7.81090291e-01
    7.66515362e-01
    7.51970552e-01
    7.37449814e-01
    7.22946851e-01
    7.08455073e-01
    6.93967573e-01
    6.79477074e-01
    6.64975889e-01
    6.50455864e-01
    6.35908315e-01
    6.21323956e-01
    6.06692814e-01
    5.92004131e-01
    5.77246249e-01
    5.62406466e-01
    5.47470880e-01
    5.32424184e-01
    5.17249430e-01
    5.01927733e-01
    4.86437909e-01
    4.70756024e-01
    4.54854822e-01
    4.38702999e-01
    4.22264252e-01
    4.05496043e-01
    3.88347924e-01

    8.00000000e+08
    1.10817467e+02
    8.08426299e+01
    6.34725887e+01
    5.48809049e+01
    4.98595076e+01
    4.59785497e+01
    4.22841600e+01
    3.81579705e+01
    3.48036130e+01
    3.20227363e+01
    2.97709906e+01
    2.78492116e+01
    2.61872254e+01
    2.47353568e+01
    2.34558461e+01
    2.22661920e+01
    2.12004976e+01
    2.02424328e+01
    1.93763900e+01
    1.85896423e+01
    1.78717074e+01
    1.72138745e+01
    1.66088443e+01
    1.60290968e+01
    1.54782046e+01
    1.49669722e+01
    1.44912515e+01
    1.40474534e+01
    1.36324570e+01
    1.32435354e+01
    1.28782955e+01
    1.25305363e+01
    1.21892293e+01
    1.18670259e+01
    1.15623634e+01
    1.12738451e+01
    1.10002189e+01
    1.07403586e+01
    1.04932491e+01
    1.02579725e+01
    9.98701771e+00
    9.72125363e+00
    9.46724911e+00
    9.22423017e+00
    8.99148909e+00
    8.76837752e+00
    8.55430039e+00
    8.34871047e+00
    8.19597615e+00
    8.09211052e+00
    7.99182779e+00
    7.89493473e+00
    7.80125205e+00
    7.71061309e+00
    7.62286280e+00
    7.53785665e+00
    7.44571486e+00
    7.29901383e+00
    7.15708368e+00
    7.01969177e+00
    6.88662027e+00
    6.75766503e+00
    6.63263455e+00
    6.51134894e+00
    6.39363913e+00
    6.29249088e+00
    6.19790190e+00
    6.10602677e+00
    6.01675030e+00
    5.92996372e+00
    5.84556424e+00
    5.76345464e+00
    5.68354294e+00
    5.60574199e+00
    5.52996920e+00
    5.45614624e+00
    5.38419875e+00
    5.31405611e+00
    5.24565121e+00
    5.17892020e+00
    5.11380234e+00
    5.05023981e+00
    4.98817748e+00
    4.92756282e+00
    4.86834572e+00
    4.81047836e+00
    4.75391508e+00
    4.69861223e+00
    4.64452813e+00
    4.59162287e+00
    4.53985831e+00
    4.48919790e+00
    4.43960665e+00
    4.39105104e+00
    4.34349893e+00
    4.29691949e+00
    4.25128315e+00
    4.20656153e+00
    4.15386120e+00
    4.08472923e+00
    4.01674872e+00
    3.94988225e+00
    3.88409368e+00
    3.81934810e+00
    3.75561173e+00
    3.69285190e+00
    3.63103696e+00
    3.57013624e+00
    3.51011998e+00
    3.45095931e+00
    3.39262616e+00
    3.33509325e+00
    3.27833400e+00
    3.22232253e+00
    3.16703361e+00
    3.11244257e+00
    3.05852532e+00
    3.00525827e+00
    2.95261832e+00
    2.90058279e+00
    2.84912939e+00
    2.79823619e+00
    2.74788158e+00
    2.69804421e+00
    2.64870297e+00
    2.59983694e+00
    2.55142536e+00
    2.50344755e+00
    2.45588290e+00
    2.40871081e+00
    2.36191064e+00
    2.31546162e+00
    2.27154564e+00
    2.22823250e+00
    2.18523486e+00
    2.14253410e+00
    2.10011143e+00
    2.05794778e+00
    2.01602376e+00
    1.97431959e+00
    1.93281500e+00
    1.89148916e+00
    1.85032058e+00
    1.80928700e+00
    1.76836526e+00
    1.72753116e+00
    1.68675932e+00
    1.64602294e+00
    1.60529364e+00
    1.56454120e+00
    1.52373321e+00
    1.48283480e+00
    1.44180817e+00
    1.40061211e+00
    1.35920139e+00
    1.31752605e+00
    1.27553045e+00
    1.23315216e+00
    1.19032055e+00
    1.14695495e+00
    1.10296232e+00
    1.05823412e+00
    1.01264223e+00
    9.66033226e-01
    9.18220529e-01
    8.84424565e-01
    8.69485535e-01
    8.54613902e-01
    8.39804739e-01
    8.25053018e-01
    8.10353587e-01
    7.95701160e-01
    7.81090291e-01
    7.66515362e-01
    7.51970552e-01
    7.37449814e-01
    7.22946851e-01
    7.08455073e-01
    6.93967573e-01
    6.79477074e-01
    6.64975889e-01
    6.50455864e-01
    6.35908315e-01
    6.21323956e-01
    6.06692814e-01
    5.92004131e-01
    5.77246249e-01
    5.62406466e-01
    5.47470880e-01
    5.32424184e-01
    5.17249430e-01
    5.01927733e-01
    4.86437909e-01
    4.70756024e-01
    4.54854822e-01
    4.38702999e-01
    4.22264252e-01
    4.05496043e-01
    3.88347924e-01
)
