/*--------------------------------*- C++ -*----------------------------------*\
  =========                 |
  \\      /  F ield         | OpenFOAM: The Open Source CFD Toolbox
   \\    /   O peration     | Website:  https://openfoam.org
    \\  /    A nd           | Version:  dev
     \\/     M anipulation  |
-------------------------------------------------------------------------------
Description
    Writes out values of fields interpolated to a specified list of points.
\*---------------------------------------------------------------------------*/

probes
{
    type            probes;
    libs            ("libsampling.so");
    enabled		    yes;
    timeStart       1.3;
    timeEnd         2.0;
    executeControl  runTime;
    executeInterval 0.05;
    writeControl    runTime;
    writeInterval   0.05;
    setFormat	    csv;
    fields          (UMeanMag);
    interpolationScheme	cellPoint;
    probeLocations
    (
        (-0.30 	-0.25 	0.02)
        (-0.30 	-0.20 	0.02)
        (-0.30 	-0.15 	0.02)
        (-0.30 	0.15 	0.02)
        (-0.30 	0.20 	0.02)
        (-0.30 	0.25 	0.02)
        (-0.25 	-0.30 	0.02)
        (-0.25 	-0.25 	0.02)
        (-0.25 	-0.20 	0.02)
        (-0.25 	-0.15 	0.02)
        (-0.25 	-0.10 	0.02)
        (-0.25 	-0.05 	0.02)
        (-0.25 	0.00 	0.02)
        (-0.25 	0.05 	0.02)
        (-0.25 	0.10 	0.02)
        (-0.25 	0.15 	0.02)
        (-0.25 	0.20 	0.02)
        (-0.25 	0.25 	0.02)
        (-0.25 	0.30 	0.02)
        (-0.20 	-0.30 	0.02)
        (-0.20 	-0.25 	0.02)
        (-0.20 	-0.20 	0.02)
        (-0.20 	-0.15 	0.02)
        (-0.20 	-0.10 	0.02)
        (-0.20 	-0.05 	0.02)
        (-0.20 	0.00 	0.02)
        (-0.20 	0.05 	0.02)
        (-0.20 	0.10 	0.02)
        (-0.20 	0.15 	0.02)
        (-0.20 	0.20 	0.02)
        (-0.20 	0.25 	0.02)
        (-0.20 	0.30 	0.02)
        (-0.15 	-0.30 	0.02)
        (-0.15 	-0.25 	0.02)
        (-0.15 	-0.20 	0.02)
        (-0.15 	-0.15 	0.02)
        (-0.15 	-0.10 	0.02)
        (-0.15 	-0.05 	0.02)
        (-0.15 	0.00 	0.02)
        (-0.15 	0.05 	0.02)
        (-0.15 	0.10 	0.02)
        (-0.15 	0.15 	0.02)
        (-0.15 	0.20 	0.02)
        (-0.15 	0.25 	0.02)
        (-0.15 	0.30 	0.02)
        (-0.10 	-0.25 	0.02)
        (-0.10 	-0.20 	0.02)
        (-0.10 	-0.15 	0.02)
        (-0.10 	0.15 	0.02)
        (-0.10 	0.20 	0.02)
        (-0.10 	0.25 	0.02)
        (-0.05 	-0.25 	0.02)
        (-0.05 	-0.20 	0.02)
        (-0.05 	-0.15 	0.02)
        (-0.05 	0.15 	0.02)
        (-0.05 	0.20 	0.02)
        (-0.05 	0.25 	0.02)
        (0.00 	-0.25 	0.02)
        (0.00 	-0.20 	0.02)
        (0.00 	-0.15 	0.02)
        (0.00 	0.15 	0.02)
        (0.00 	0.20 	0.02)
        (0.00 	0.25 	0.02)
        (0.05 	-0.25 	0.02)
        (0.05 	-0.20 	0.02)
        (0.05 	-0.15 	0.02)
        (0.05 	0.15 	0.02)
        (0.05 	0.20 	0.02)
        (0.05 	0.25 	0.02)
        (0.10 	-0.25 	0.02)
        (0.10 	-0.20 	0.02)
        (0.10 	-0.15 	0.02)
        (0.10 	0.15 	0.02)
        (0.10 	0.20 	0.02)
        (0.10 	0.25 	0.02)
        (0.15 	-0.30 	0.02)
        (0.15 	-0.25 	0.02)
        (0.15 	-0.20 	0.02)
        (0.15 	-0.15 	0.02)
        (0.15 	-0.10 	0.02)
        (0.15 	-0.05 	0.02)
        (0.15 	0.00 	0.02)
        (0.15 	0.05 	0.02)
        (0.15 	0.10 	0.02)
        (0.15 	0.15 	0.02)
        (0.15 	0.20 	0.02)
        (0.15 	0.25 	0.02)
        (0.15 	0.30 	0.02)
        (0.20 	-0.30 	0.02)
        (0.20 	-0.25 	0.02)
        (0.20 	-0.20 	0.02)
        (0.20 	-0.15 	0.02)
        (0.20 	-0.10 	0.02)
        (0.20 	-0.05 	0.02)
        (0.20 	0.00 	0.02)
        (0.20 	0.05 	0.02)
        (0.20 	0.10 	0.02)
        (0.20 	0.15 	0.02)
        (0.20 	0.20 	0.02)
        (0.20 	0.25 	0.02)
        (0.20 	0.30 	0.02)
        (0.25 	-0.30 	0.02)
        (0.25 	-0.25 	0.02)
        (0.25 	-0.20 	0.02)
        (0.25 	-0.15 	0.02)
        (0.25 	-0.10 	0.02)
        (0.25 	-0.05 	0.02)
        (0.25 	0.00 	0.02)
        (0.25 	0.05 	0.02)
        (0.25 	0.10 	0.02)
        (0.25 	0.15 	0.02)
        (0.25 	0.20 	0.02)
        (0.25 	0.25 	0.02)
        (0.25 	0.30 	0.02)
        (0.30 	-0.25 	0.02)
        (0.30 	-0.20 	0.02)
        (0.30 	-0.15 	0.02)
        (0.30 	0.15 	0.02)
        (0.30 	0.20 	0.02)
        (0.30 	0.25 	0.02)
    );
}

// ************************************************************************* //
