// Points
400
(
    // min y
    (-0.456	-0.55	0.00000000e+00)
    (-0.456	-0.55	4.52261307e-03)
    (-0.456	-0.55	9.04522613e-03)
    (-0.456	-0.55	1.35678392e-02)
    (-0.456	-0.55	1.80904523e-02)
    (-0.456	-0.55	2.26130653e-02)
    (-0.456	-0.55	2.71356784e-02)
    (-0.456	-0.55	3.16582915e-02)
    (-0.456	-0.55	3.61809045e-02)
    (-0.456	-0.55	4.07035176e-02)
    (-0.456	-0.55	4.52261307e-02)
    (-0.456	-0.55	4.97487437e-02)
    (-0.456	-0.55	5.42713568e-02)
    (-0.456	-0.55	5.87939698e-02)
    (-0.456	-0.55	6.33165829e-02)
    (-0.456	-0.55	6.78391960e-02)
    (-0.456	-0.55	7.23618090e-02)
    (-0.456	-0.55	7.68844221e-02)
    (-0.456	-0.55	8.14070352e-02)
    (-0.456	-0.55	8.59296482e-02)
    (-0.456	-0.55	9.04522613e-02)
    (-0.456	-0.55	9.49748744e-02)
    (-0.456	-0.55	9.94974874e-02)
    (-0.456	-0.55	1.04020101e-01)
    (-0.456	-0.55	1.08542714e-01)
    (-0.456	-0.55	1.13065327e-01)
    (-0.456	-0.55	1.17587940e-01)
    (-0.456	-0.55	1.22110553e-01)
    (-0.456	-0.55	1.26633166e-01)
    (-0.456	-0.55	1.31155779e-01)
    (-0.456	-0.55	1.35678392e-01)
    (-0.456	-0.55	1.40201005e-01)
    (-0.456	-0.55	1.44723618e-01)
    (-0.456	-0.55	1.49246231e-01)
    (-0.456	-0.55	1.53768844e-01)
    (-0.456	-0.55	1.58291457e-01)
    (-0.456	-0.55	1.62814070e-01)
    (-0.456	-0.55	1.67336683e-01)
    (-0.456	-0.55	1.71859296e-01)
    (-0.456	-0.55	1.76381910e-01)
    (-0.456	-0.55	1.80904523e-01)
    (-0.456	-0.55	1.85427136e-01)
    (-0.456	-0.55	1.89949749e-01)
    (-0.456	-0.55	1.94472362e-01)
    (-0.456	-0.55	1.98994975e-01)
    (-0.456	-0.55	2.03517588e-01)
    (-0.456	-0.55	2.08040201e-01)
    (-0.456	-0.55	2.12562814e-01)
    (-0.456	-0.55	2.17085427e-01)
    (-0.456	-0.55	2.21608040e-01)
    (-0.456	-0.55	2.26130653e-01)
    (-0.456	-0.55	2.30653266e-01)
    (-0.456	-0.55	2.35175879e-01)
    (-0.456	-0.55	2.39698492e-01)
    (-0.456	-0.55	2.44221106e-01)
    (-0.456	-0.55	2.48743719e-01)
    (-0.456	-0.55	2.53266332e-01)
    (-0.456	-0.55	2.57788945e-01)
    (-0.456	-0.55	2.62311558e-01)
    (-0.456	-0.55	2.66834171e-01)
    (-0.456	-0.55	2.71356784e-01)
    (-0.456	-0.55	2.75879397e-01)
    (-0.456	-0.55	2.80402010e-01)
    (-0.456	-0.55	2.84924623e-01)
    (-0.456	-0.55	2.89447236e-01)
    (-0.456	-0.55	2.93969849e-01)
    (-0.456	-0.55	2.98492462e-01)
    (-0.456	-0.55	3.03015075e-01)
    (-0.456	-0.55	3.07537688e-01)
    (-0.456	-0.55	3.12060302e-01)
    (-0.456	-0.55	3.16582915e-01)
    (-0.456	-0.55	3.21105528e-01)
    (-0.456	-0.55	3.25628141e-01)
    (-0.456	-0.55	3.30150754e-01)
    (-0.456	-0.55	3.34673367e-01)
    (-0.456	-0.55	3.39195980e-01)
    (-0.456	-0.55	3.43718593e-01)
    (-0.456	-0.55	3.48241206e-01)
    (-0.456	-0.55	3.52763819e-01)
    (-0.456	-0.55	3.57286432e-01)
    (-0.456	-0.55	3.61809045e-01)
    (-0.456	-0.55	3.66331658e-01)
    (-0.456	-0.55	3.70854271e-01)
    (-0.456	-0.55	3.75376884e-01)
    (-0.456	-0.55	3.79899497e-01)
    (-0.456	-0.55	3.84422111e-01)
    (-0.456	-0.55	3.88944724e-01)
    (-0.456	-0.55	3.93467337e-01)
    (-0.456	-0.55	3.97989950e-01)
    (-0.456	-0.55	4.02512563e-01)
    (-0.456	-0.55	4.07035176e-01)
    (-0.456	-0.55	4.11557789e-01)
    (-0.456	-0.55	4.16080402e-01)
    (-0.456	-0.55	4.20603015e-01)
    (-0.456	-0.55	4.25125628e-01)
    (-0.456	-0.55	4.29648241e-01)
    (-0.456	-0.55	4.34170854e-01)
    (-0.456	-0.55	4.38693467e-01)
    (-0.456	-0.55	4.43216080e-01)
    (-0.456	-0.55	4.47738693e-01)
    (-0.456	-0.55	4.52261307e-01)
    (-0.456	-0.55	4.56783920e-01)
    (-0.456	-0.55	4.61306533e-01)
    (-0.456	-0.55	4.65829146e-01)
    (-0.456	-0.55	4.70351759e-01)
    (-0.456	-0.55	4.74874372e-01)
    (-0.456	-0.55	4.79396985e-01)
    (-0.456	-0.55	4.83919598e-01)
    (-0.456	-0.55	4.88442211e-01)
    (-0.456	-0.55	4.92964824e-01)
    (-0.456	-0.55	4.97487437e-01)
    (-0.456	-0.55	5.02010050e-01)
    (-0.456	-0.55	5.06532663e-01)
    (-0.456	-0.55	5.11055276e-01)
    (-0.456	-0.55	5.15577889e-01)
    (-0.456	-0.55	5.20100503e-01)
    (-0.456	-0.55	5.24623116e-01)
    (-0.456	-0.55	5.29145729e-01)
    (-0.456	-0.55	5.33668342e-01)
    (-0.456	-0.55	5.38190955e-01)
    (-0.456	-0.55	5.42713568e-01)
    (-0.456	-0.55	5.47236181e-01)
    (-0.456	-0.55	5.51758794e-01)
    (-0.456	-0.55	5.56281407e-01)
    (-0.456	-0.55	5.60804020e-01)
    (-0.456	-0.55	5.65326633e-01)
    (-0.456	-0.55	5.69849246e-01)
    (-0.456	-0.55	5.74371859e-01)
    (-0.456	-0.55	5.78894472e-01)
    (-0.456	-0.55	5.83417085e-01)
    (-0.456	-0.55	5.87939698e-01)
    (-0.456	-0.55	5.92462312e-01)
    (-0.456	-0.55	5.96984925e-01)
    (-0.456	-0.55	6.01507538e-01)
    (-0.456	-0.55	6.06030151e-01)
    (-0.456	-0.55	6.10552764e-01)
    (-0.456	-0.55	6.15075377e-01)
    (-0.456	-0.55	6.19597990e-01)
    (-0.456	-0.55	6.24120603e-01)
    (-0.456	-0.55	6.28643216e-01)
    (-0.456	-0.55	6.33165829e-01)
    (-0.456	-0.55	6.37688442e-01)
    (-0.456	-0.55	6.42211055e-01)
    (-0.456	-0.55	6.46733668e-01)
    (-0.456	-0.55	6.51256281e-01)
    (-0.456	-0.55	6.55778894e-01)
    (-0.456	-0.55	6.60301508e-01)
    (-0.456	-0.55	6.64824121e-01)
    (-0.456	-0.55	6.69346734e-01)
    (-0.456	-0.55	6.73869347e-01)
    (-0.456	-0.55	6.78391960e-01)
    (-0.456	-0.55	6.82914573e-01)
    (-0.456	-0.55	6.87437186e-01)
    (-0.456	-0.55	6.91959799e-01)
    (-0.456	-0.55	6.96482412e-01)
    (-0.456	-0.55	7.01005025e-01)
    (-0.456	-0.55	7.05527638e-01)
    (-0.456	-0.55	7.10050251e-01)
    (-0.456	-0.55	7.14572864e-01)
    (-0.456	-0.55	7.19095477e-01)
    (-0.456	-0.55	7.23618090e-01)
    (-0.456	-0.55	7.28140704e-01)
    (-0.456	-0.55	7.32663317e-01)
    (-0.456	-0.55	7.37185930e-01)
    (-0.456	-0.55	7.41708543e-01)
    (-0.456	-0.55	7.46231156e-01)
    (-0.456	-0.55	7.50753769e-01)
    (-0.456	-0.55	7.55276382e-01)
    (-0.456	-0.55	7.59798995e-01)
    (-0.456	-0.55	7.64321608e-01)
    (-0.456	-0.55	7.68844221e-01)
    (-0.456	-0.55	7.73366834e-01)
    (-0.456	-0.55	7.77889447e-01)
    (-0.456	-0.55	7.82412060e-01)
    (-0.456	-0.55	7.86934673e-01)
    (-0.456	-0.55	7.91457286e-01)
    (-0.456	-0.55	7.95979899e-01)
    (-0.456	-0.55	8.00502513e-01)
    (-0.456	-0.55	8.05025126e-01)
    (-0.456	-0.55	8.09547739e-01)
    (-0.456	-0.55	8.14070352e-01)
    (-0.456	-0.55	8.18592965e-01)
    (-0.456	-0.55	8.23115578e-01)
    (-0.456	-0.55	8.27638191e-01)
    (-0.456	-0.55	8.32160804e-01)
    (-0.456	-0.55	8.36683417e-01)
    (-0.456	-0.55	8.41206030e-01)
    (-0.456	-0.55	8.45728643e-01)
    (-0.456	-0.55	8.50251256e-01)
    (-0.456	-0.55	8.54773869e-01)
    (-0.456	-0.55	8.59296482e-01)
    (-0.456	-0.55	8.63819095e-01)
    (-0.456	-0.55	8.68341709e-01)
    (-0.456	-0.55	8.72864322e-01)
    (-0.456	-0.55	8.77386935e-01)
    (-0.456	-0.55	8.81909548e-01)
    (-0.456	-0.55	8.86432161e-01)
    (-0.456	-0.55	8.90954774e-01)
    (-0.456	-0.55	8.95477387e-01)
    (-0.456	-0.55	9.00000000e-01)

    // max y
    (-0.456	0.55	0.00000000e+00)
    (-0.456	0.55	4.52261307e-03)
    (-0.456	0.55	9.04522613e-03)
    (-0.456	0.55	1.35678392e-02)
    (-0.456	0.55	1.80904523e-02)
    (-0.456	0.55	2.26130653e-02)
    (-0.456	0.55	2.71356784e-02)
    (-0.456	0.55	3.16582915e-02)
    (-0.456	0.55	3.61809045e-02)
    (-0.456	0.55	4.07035176e-02)
    (-0.456	0.55	4.52261307e-02)
    (-0.456	0.55	4.97487437e-02)
    (-0.456	0.55	5.42713568e-02)
    (-0.456	0.55	5.87939698e-02)
    (-0.456	0.55	6.33165829e-02)
    (-0.456	0.55	6.78391960e-02)
    (-0.456	0.55	7.23618090e-02)
    (-0.456	0.55	7.68844221e-02)
    (-0.456	0.55	8.14070352e-02)
    (-0.456	0.55	8.59296482e-02)
    (-0.456	0.55	9.04522613e-02)
    (-0.456	0.55	9.49748744e-02)
    (-0.456	0.55	9.94974874e-02)
    (-0.456	0.55	1.04020101e-01)
    (-0.456	0.55	1.08542714e-01)
    (-0.456	0.55	1.13065327e-01)
    (-0.456	0.55	1.17587940e-01)
    (-0.456	0.55	1.22110553e-01)
    (-0.456	0.55	1.26633166e-01)
    (-0.456	0.55	1.31155779e-01)
    (-0.456	0.55	1.35678392e-01)
    (-0.456	0.55	1.40201005e-01)
    (-0.456	0.55	1.44723618e-01)
    (-0.456	0.55	1.49246231e-01)
    (-0.456	0.55	1.53768844e-01)
    (-0.456	0.55	1.58291457e-01)
    (-0.456	0.55	1.62814070e-01)
    (-0.456	0.55	1.67336683e-01)
    (-0.456	0.55	1.71859296e-01)
    (-0.456	0.55	1.76381910e-01)
    (-0.456	0.55	1.80904523e-01)
    (-0.456	0.55	1.85427136e-01)
    (-0.456	0.55	1.89949749e-01)
    (-0.456	0.55	1.94472362e-01)
    (-0.456	0.55	1.98994975e-01)
    (-0.456	0.55	2.03517588e-01)
    (-0.456	0.55	2.08040201e-01)
    (-0.456	0.55	2.12562814e-01)
    (-0.456	0.55	2.17085427e-01)
    (-0.456	0.55	2.21608040e-01)
    (-0.456	0.55	2.26130653e-01)
    (-0.456	0.55	2.30653266e-01)
    (-0.456	0.55	2.35175879e-01)
    (-0.456	0.55	2.39698492e-01)
    (-0.456	0.55	2.44221106e-01)
    (-0.456	0.55	2.48743719e-01)
    (-0.456	0.55	2.53266332e-01)
    (-0.456	0.55	2.57788945e-01)
    (-0.456	0.55	2.62311558e-01)
    (-0.456	0.55	2.66834171e-01)
    (-0.456	0.55	2.71356784e-01)
    (-0.456	0.55	2.75879397e-01)
    (-0.456	0.55	2.80402010e-01)
    (-0.456	0.55	2.84924623e-01)
    (-0.456	0.55	2.89447236e-01)
    (-0.456	0.55	2.93969849e-01)
    (-0.456	0.55	2.98492462e-01)
    (-0.456	0.55	3.03015075e-01)
    (-0.456	0.55	3.07537688e-01)
    (-0.456	0.55	3.12060302e-01)
    (-0.456	0.55	3.16582915e-01)
    (-0.456	0.55	3.21105528e-01)
    (-0.456	0.55	3.25628141e-01)
    (-0.456	0.55	3.30150754e-01)
    (-0.456	0.55	3.34673367e-01)
    (-0.456	0.55	3.39195980e-01)
    (-0.456	0.55	3.43718593e-01)
    (-0.456	0.55	3.48241206e-01)
    (-0.456	0.55	3.52763819e-01)
    (-0.456	0.55	3.57286432e-01)
    (-0.456	0.55	3.61809045e-01)
    (-0.456	0.55	3.66331658e-01)
    (-0.456	0.55	3.70854271e-01)
    (-0.456	0.55	3.75376884e-01)
    (-0.456	0.55	3.79899497e-01)
    (-0.456	0.55	3.84422111e-01)
    (-0.456	0.55	3.88944724e-01)
    (-0.456	0.55	3.93467337e-01)
    (-0.456	0.55	3.97989950e-01)
    (-0.456	0.55	4.02512563e-01)
    (-0.456	0.55	4.07035176e-01)
    (-0.456	0.55	4.11557789e-01)
    (-0.456	0.55	4.16080402e-01)
    (-0.456	0.55	4.20603015e-01)
    (-0.456	0.55	4.25125628e-01)
    (-0.456	0.55	4.29648241e-01)
    (-0.456	0.55	4.34170854e-01)
    (-0.456	0.55	4.38693467e-01)
    (-0.456	0.55	4.43216080e-01)
    (-0.456	0.55	4.47738693e-01)
    (-0.456	0.55	4.52261307e-01)
    (-0.456	0.55	4.56783920e-01)
    (-0.456	0.55	4.61306533e-01)
    (-0.456	0.55	4.65829146e-01)
    (-0.456	0.55	4.70351759e-01)
    (-0.456	0.55	4.74874372e-01)
    (-0.456	0.55	4.79396985e-01)
    (-0.456	0.55	4.83919598e-01)
    (-0.456	0.55	4.88442211e-01)
    (-0.456	0.55	4.92964824e-01)
    (-0.456	0.55	4.97487437e-01)
    (-0.456	0.55	5.02010050e-01)
    (-0.456	0.55	5.06532663e-01)
    (-0.456	0.55	5.11055276e-01)
    (-0.456	0.55	5.15577889e-01)
    (-0.456	0.55	5.20100503e-01)
    (-0.456	0.55	5.24623116e-01)
    (-0.456	0.55	5.29145729e-01)
    (-0.456	0.55	5.33668342e-01)
    (-0.456	0.55	5.38190955e-01)
    (-0.456	0.55	5.42713568e-01)
    (-0.456	0.55	5.47236181e-01)
    (-0.456	0.55	5.51758794e-01)
    (-0.456	0.55	5.56281407e-01)
    (-0.456	0.55	5.60804020e-01)
    (-0.456	0.55	5.65326633e-01)
    (-0.456	0.55	5.69849246e-01)
    (-0.456	0.55	5.74371859e-01)
    (-0.456	0.55	5.78894472e-01)
    (-0.456	0.55	5.83417085e-01)
    (-0.456	0.55	5.87939698e-01)
    (-0.456	0.55	5.92462312e-01)
    (-0.456	0.55	5.96984925e-01)
    (-0.456	0.55	6.01507538e-01)
    (-0.456	0.55	6.06030151e-01)
    (-0.456	0.55	6.10552764e-01)
    (-0.456	0.55	6.15075377e-01)
    (-0.456	0.55	6.19597990e-01)
    (-0.456	0.55	6.24120603e-01)
    (-0.456	0.55	6.28643216e-01)
    (-0.456	0.55	6.33165829e-01)
    (-0.456	0.55	6.37688442e-01)
    (-0.456	0.55	6.42211055e-01)
    (-0.456	0.55	6.46733668e-01)
    (-0.456	0.55	6.51256281e-01)
    (-0.456	0.55	6.55778894e-01)
    (-0.456	0.55	6.60301508e-01)
    (-0.456	0.55	6.64824121e-01)
    (-0.456	0.55	6.69346734e-01)
    (-0.456	0.55	6.73869347e-01)
    (-0.456	0.55	6.78391960e-01)
    (-0.456	0.55	6.82914573e-01)
    (-0.456	0.55	6.87437186e-01)
    (-0.456	0.55	6.91959799e-01)
    (-0.456	0.55	6.96482412e-01)
    (-0.456	0.55	7.01005025e-01)
    (-0.456	0.55	7.05527638e-01)
    (-0.456	0.55	7.10050251e-01)
    (-0.456	0.55	7.14572864e-01)
    (-0.456	0.55	7.19095477e-01)
    (-0.456	0.55	7.23618090e-01)
    (-0.456	0.55	7.28140704e-01)
    (-0.456	0.55	7.32663317e-01)
    (-0.456	0.55	7.37185930e-01)
    (-0.456	0.55	7.41708543e-01)
    (-0.456	0.55	7.46231156e-01)
    (-0.456	0.55	7.50753769e-01)
    (-0.456	0.55	7.55276382e-01)
    (-0.456	0.55	7.59798995e-01)
    (-0.456	0.55	7.64321608e-01)
    (-0.456	0.55	7.68844221e-01)
    (-0.456	0.55	7.73366834e-01)
    (-0.456	0.55	7.77889447e-01)
    (-0.456	0.55	7.82412060e-01)
    (-0.456	0.55	7.86934673e-01)
    (-0.456	0.55	7.91457286e-01)
    (-0.456	0.55	7.95979899e-01)
    (-0.456	0.55	8.00502513e-01)
    (-0.456	0.55	8.05025126e-01)
    (-0.456	0.55	8.09547739e-01)
    (-0.456	0.55	8.14070352e-01)
    (-0.456	0.55	8.18592965e-01)
    (-0.456	0.55	8.23115578e-01)
    (-0.456	0.55	8.27638191e-01)
    (-0.456	0.55	8.32160804e-01)
    (-0.456	0.55	8.36683417e-01)
    (-0.456	0.55	8.41206030e-01)
    (-0.456	0.55	8.45728643e-01)
    (-0.456	0.55	8.50251256e-01)
    (-0.456	0.55	8.54773869e-01)
    (-0.456	0.55	8.59296482e-01)
    (-0.456	0.55	8.63819095e-01)
    (-0.456	0.55	8.68341709e-01)
    (-0.456	0.55	8.72864322e-01)
    (-0.456	0.55	8.77386935e-01)
    (-0.456	0.55	8.81909548e-01)
    (-0.456	0.55	8.86432161e-01)
    (-0.456	0.55	8.90954774e-01)
    (-0.456	0.55	8.95477387e-01)
    (-0.456	0.55	9.00000000e-01)

)

// ************************************************************************* //
