400
(
    (1.67725728	1.67725728	0)
    (1.70347354	1.70347354	0)
    (1.73689588	1.73689588	0)
    (1.78509995	1.78509995	0)
    (1.85215073	1.85215073	0)
    (1.92910811	1.92910811	0)
    (2.00606549	2.00606549	0)
    (2.06764064	2.06764064	0)
    (2.09512541	2.09512541	0)
    (2.12261019	2.12261019	0)
    (2.15009497	2.15009497	0)
    (2.19869228	2.19869228	0)
    (2.24802393	2.24802393	0)
    (2.29735558	2.29735558	0)
    (2.34668724	2.34668724	0)
    (2.39601889	2.39601889	0)
    (2.40581392	2.40581392	0)
    (2.41350966	2.41350966	0)
    (2.42120540	2.42120540	0)
    (2.42890113	2.42890113	0)
    (2.43659687	2.43659687	0)
    (2.44429261	2.44429261	0)
    (2.45198835	2.45198835	0)
    (2.45968408	2.45968408	0)
    (2.47135952	2.47135952	0)
    (2.48582074	2.48582074	0)
    (2.50028196	2.50028196	0)
    (2.51474319	2.51474319	0)
    (2.52920441	2.52920441	0)
    (2.54366563	2.54366563	0)
    (2.55812685	2.55812685	0)
    (2.57258807	2.57258807	0)
    (2.58695336	2.58695336	0)
    (2.60099174	2.60099174	0)
    (2.61503012	2.61503012	0)
    (2.62906849	2.62906849	0)
    (2.64310688	2.64310688	0)
    (2.65714525	2.65714525	0)
    (2.67118363	2.67118363	0)
    (2.68522201	2.68522201	0)
    (2.69926039	2.69926039	0)
    (2.71571430	2.71571430	0)
    (2.73254345	2.73254345	0)
    (2.74937259	2.74937259	0)
    (2.76620173	2.76620173	0)
    (2.78303087	2.78303087	0)
    (2.79986001	2.79986001	0)
    (2.81668915	2.81668915	0)
    (2.83351829	2.83351829	0)
    (2.84979312	2.84979312	0)
    (2.86552287	2.86552287	0)
    (2.88125262	2.88125262	0)
    (2.89698237	2.89698237	0)
    (2.91271212	2.91271212	0)
    (2.92844187	2.92844187	0)
    (2.94417162	2.94417162	0)
    (2.95990137	2.95990137	0)
    (2.97505122	2.97505122	0)
    (2.98672168	2.98672168	0)
    (2.99839214	2.99839214	0)
    (3.01006261	3.01006261	0)
    (3.02173306	3.02173306	0)
    (3.03340352	3.03340352	0)
    (3.04507398	3.04507398	0)
    (3.05674444	3.05674444	0)
    (3.06841490	3.06841490	0)
    (3.08157242	3.08157242	0)
    (3.09514567	3.09514567	0)
    (3.10871892	3.10871892	0)
    (3.12229218	3.12229218	0)
    (3.13586543	3.13586543	0)
    (3.14943868	3.14943868	0)
    (3.16301193	3.16301193	0)
    (3.17658518	3.17658518	0)
    (3.19015844	3.19015844	0)
    (3.20373169	3.20373169	0)
    (3.21730494	3.21730494	0)
    (3.23087819	3.23087819	0)
    (3.24445145	3.24445145	0)
    (3.25802469	3.25802469	0)
    (3.27159795	3.27159795	0)
    (3.28517120	3.28517120	0)
    (3.29874446	3.29874446	0)
    (3.31231770	3.31231770	0)
    (3.32589096	3.32589096	0)
    (3.33946421	3.33946421	0)
    (3.35303747	3.35303747	0)
    (3.36661071	3.36661071	0)
    (3.38018397	3.38018397	0)
    (3.39375722	3.39375722	0)
    (3.40733047	3.40733047	0)
    (3.42090372	3.42090372	0)
    (3.43447698	3.43447698	0)
    (3.44805023	3.44805023	0)
    (3.46162348	3.46162348	0)
    (3.47519673	3.47519673	0)
    (3.48876999	3.48876999	0)
    (3.50234324	3.50234324	0)
    (3.51591649	3.51591649	0)
    (3.53010091	3.53010091	0)
    (3.54549239	3.54549239	0)
    (3.56088386	3.56088386	0)
    (3.57627534	3.57627534	0)
    (3.59166681	3.59166681	0)
    (3.60705829	3.60705829	0)
    (3.62244977	3.62244977	0)
    (3.63784124	3.63784124	0)
    (3.65323272	3.65323272	0)
    (3.66862419	3.66862419	0)
    (3.68401567	3.68401567	0)
    (3.69940715	3.69940715	0)
    (3.71479862	3.71479862	0)
    (3.73019010	3.73019010	0)
    (3.74558157	3.74558157	0)
    (3.76097305	3.76097305	0)
    (3.77636453	3.77636453	0)
    (3.79175600	3.79175600	0)
    (3.80714748	3.80714748	0)
    (3.82253895	3.82253895	0)
    (3.83793043	3.83793043	0)
    (3.85332191	3.85332191	0)
    (3.86871338	3.86871338	0)
    (3.88410486	3.88410486	0)
    (3.89949633	3.89949633	0)
    (3.91488781	3.91488781	0)
    (3.93027929	3.93027929	0)
    (3.94567077	3.94567077	0)
    (3.96106224	3.96106224	0)
    (3.97645371	3.97645371	0)
    (3.99184519	3.99184519	0)
    (4.00723667	4.00723667	0)
    (4.02262815	4.02262815	0)
    (4.03801962	4.03801962	0)
    (4.04736587	4.04736587	0)
    (4.05597071	4.05597071	0)
    (4.06457557	4.06457557	0)
    (4.07318041	4.07318041	0)
    (4.08178526	4.08178526	0)
    (4.09039012	4.09039012	0)
    (4.09899496	4.09899496	0)
    (4.10759982	4.10759982	0)
    (4.11620466	4.11620466	0)
    (4.12480952	4.12480952	0)
    (4.13341436	4.13341436	0)
    (4.14201922	4.14201922	0)
    (4.15062406	4.15062406	0)
    (4.15922891	4.15922891	0)
    (4.16783377	4.16783377	0)
    (4.17643861	4.17643861	0)
    (4.18504347	4.18504347	0)
    (4.19364831	4.19364831	0)
    (4.20225317	4.20225317	0)
    (4.21085801	4.21085801	0)
    (4.21946287	4.21946287	0)
    (4.22806771	4.22806771	0)
    (4.23667256	4.23667256	0)
    (4.24527741	4.24527741	0)
    (4.25388226	4.25388226	0)
    (4.26248712	4.26248712	0)
    (4.27109196	4.27109196	0)
    (4.27969682	4.27969682	0)
    (4.28830166	4.28830166	0)
    (4.29690652	4.29690652	0)
    (4.30551136	4.30551136	0)
    (4.31411621	4.31411621	0)
    (4.32272106	4.32272106	0)
    (4.32825621	4.32825621	0)
    (4.32996873	4.32996873	0)
    (4.33168124	4.33168124	0)
    (4.33339376	4.33339376	0)
    (4.33510627	4.33510627	0)
    (4.33681878	4.33681878	0)
    (4.33853130	4.33853130	0)
    (4.34024381	4.34024381	0)
    (4.34195632	4.34195632	0)
    (4.34366884	4.34366884	0)
    (4.34538135	4.34538135	0)
    (4.34709386	4.34709386	0)
    (4.34880637	4.34880637	0)
    (4.35051888	4.35051888	0)
    (4.35223140	4.35223140	0)
    (4.35394391	4.35394391	0)
    (4.35565643	4.35565643	0)
    (4.35736894	4.35736894	0)
    (4.35908145	4.35908145	0)
    (4.36079397	4.36079397	0)
    (4.36250648	4.36250648	0)
    (4.36421899	4.36421899	0)
    (4.36593151	4.36593151	0)
    (4.36764402	4.36764402	0)
    (4.36935653	4.36935653	0)
    (4.37106905	4.37106905	0)
    (4.37278155	4.37278155	0)
    (4.37449407	4.37449407	0)
    (4.37620658	4.37620658	0)
    (4.37791910	4.37791910	0)
    (4.37963161	4.37963161	0)
    (4.38134412	4.38134412	0)
    (4.38305664	4.38305664	0)
    (4.38476915	4.38476915	0)

    (1.67725728	1.67725728	0)
    (1.70347354	1.70347354	0)
    (1.73689588	1.73689588	0)
    (1.78509995	1.78509995	0)
    (1.85215073	1.85215073	0)
    (1.92910811	1.92910811	0)
    (2.00606549	2.00606549	0)
    (2.06764064	2.06764064	0)
    (2.09512541	2.09512541	0)
    (2.12261019	2.12261019	0)
    (2.15009497	2.15009497	0)
    (2.19869228	2.19869228	0)
    (2.24802393	2.24802393	0)
    (2.29735558	2.29735558	0)
    (2.34668724	2.34668724	0)
    (2.39601889	2.39601889	0)
    (2.40581392	2.40581392	0)
    (2.41350966	2.41350966	0)
    (2.42120540	2.42120540	0)
    (2.42890113	2.42890113	0)
    (2.43659687	2.43659687	0)
    (2.44429261	2.44429261	0)
    (2.45198835	2.45198835	0)
    (2.45968408	2.45968408	0)
    (2.47135952	2.47135952	0)
    (2.48582074	2.48582074	0)
    (2.50028196	2.50028196	0)
    (2.51474319	2.51474319	0)
    (2.52920441	2.52920441	0)
    (2.54366563	2.54366563	0)
    (2.55812685	2.55812685	0)
    (2.57258807	2.57258807	0)
    (2.58695336	2.58695336	0)
    (2.60099174	2.60099174	0)
    (2.61503012	2.61503012	0)
    (2.62906849	2.62906849	0)
    (2.64310688	2.64310688	0)
    (2.65714525	2.65714525	0)
    (2.67118363	2.67118363	0)
    (2.68522201	2.68522201	0)
    (2.69926039	2.69926039	0)
    (2.71571430	2.71571430	0)
    (2.73254345	2.73254345	0)
    (2.74937259	2.74937259	0)
    (2.76620173	2.76620173	0)
    (2.78303087	2.78303087	0)
    (2.79986001	2.79986001	0)
    (2.81668915	2.81668915	0)
    (2.83351829	2.83351829	0)
    (2.84979312	2.84979312	0)
    (2.86552287	2.86552287	0)
    (2.88125262	2.88125262	0)
    (2.89698237	2.89698237	0)
    (2.91271212	2.91271212	0)
    (2.92844187	2.92844187	0)
    (2.94417162	2.94417162	0)
    (2.95990137	2.95990137	0)
    (2.97505122	2.97505122	0)
    (2.98672168	2.98672168	0)
    (2.99839214	2.99839214	0)
    (3.01006261	3.01006261	0)
    (3.02173306	3.02173306	0)
    (3.03340352	3.03340352	0)
    (3.04507398	3.04507398	0)
    (3.05674444	3.05674444	0)
    (3.06841490	3.06841490	0)
    (3.08157242	3.08157242	0)
    (3.09514567	3.09514567	0)
    (3.10871892	3.10871892	0)
    (3.12229218	3.12229218	0)
    (3.13586543	3.13586543	0)
    (3.14943868	3.14943868	0)
    (3.16301193	3.16301193	0)
    (3.17658518	3.17658518	0)
    (3.19015844	3.19015844	0)
    (3.20373169	3.20373169	0)
    (3.21730494	3.21730494	0)
    (3.23087819	3.23087819	0)
    (3.24445145	3.24445145	0)
    (3.25802469	3.25802469	0)
    (3.27159795	3.27159795	0)
    (3.28517120	3.28517120	0)
    (3.29874446	3.29874446	0)
    (3.31231770	3.31231770	0)
    (3.32589096	3.32589096	0)
    (3.33946421	3.33946421	0)
    (3.35303747	3.35303747	0)
    (3.36661071	3.36661071	0)
    (3.38018397	3.38018397	0)
    (3.39375722	3.39375722	0)
    (3.40733047	3.40733047	0)
    (3.42090372	3.42090372	0)
    (3.43447698	3.43447698	0)
    (3.44805023	3.44805023	0)
    (3.46162348	3.46162348	0)
    (3.47519673	3.47519673	0)
    (3.48876999	3.48876999	0)
    (3.50234324	3.50234324	0)
    (3.51591649	3.51591649	0)
    (3.53010091	3.53010091	0)
    (3.54549239	3.54549239	0)
    (3.56088386	3.56088386	0)
    (3.57627534	3.57627534	0)
    (3.59166681	3.59166681	0)
    (3.60705829	3.60705829	0)
    (3.62244977	3.62244977	0)
    (3.63784124	3.63784124	0)
    (3.65323272	3.65323272	0)
    (3.66862419	3.66862419	0)
    (3.68401567	3.68401567	0)
    (3.69940715	3.69940715	0)
    (3.71479862	3.71479862	0)
    (3.73019010	3.73019010	0)
    (3.74558157	3.74558157	0)
    (3.76097305	3.76097305	0)
    (3.77636453	3.77636453	0)
    (3.79175600	3.79175600	0)
    (3.80714748	3.80714748	0)
    (3.82253895	3.82253895	0)
    (3.83793043	3.83793043	0)
    (3.85332191	3.85332191	0)
    (3.86871338	3.86871338	0)
    (3.88410486	3.88410486	0)
    (3.89949633	3.89949633	0)
    (3.91488781	3.91488781	0)
    (3.93027929	3.93027929	0)
    (3.94567077	3.94567077	0)
    (3.96106224	3.96106224	0)
    (3.97645371	3.97645371	0)
    (3.99184519	3.99184519	0)
    (4.00723667	4.00723667	0)
    (4.02262815	4.02262815	0)
    (4.03801962	4.03801962	0)
    (4.04736587	4.04736587	0)
    (4.05597071	4.05597071	0)
    (4.06457557	4.06457557	0)
    (4.07318041	4.07318041	0)
    (4.08178526	4.08178526	0)
    (4.09039012	4.09039012	0)
    (4.09899496	4.09899496	0)
    (4.10759982	4.10759982	0)
    (4.11620466	4.11620466	0)
    (4.12480952	4.12480952	0)
    (4.13341436	4.13341436	0)
    (4.14201922	4.14201922	0)
    (4.15062406	4.15062406	0)
    (4.15922891	4.15922891	0)
    (4.16783377	4.16783377	0)
    (4.17643861	4.17643861	0)
    (4.18504347	4.18504347	0)
    (4.19364831	4.19364831	0)
    (4.20225317	4.20225317	0)
    (4.21085801	4.21085801	0)
    (4.21946287	4.21946287	0)
    (4.22806771	4.22806771	0)
    (4.23667256	4.23667256	0)
    (4.24527741	4.24527741	0)
    (4.25388226	4.25388226	0)
    (4.26248712	4.26248712	0)
    (4.27109196	4.27109196	0)
    (4.27969682	4.27969682	0)
    (4.28830166	4.28830166	0)
    (4.29690652	4.29690652	0)
    (4.30551136	4.30551136	0)
    (4.31411621	4.31411621	0)
    (4.32272106	4.32272106	0)
    (4.32825621	4.32825621	0)
    (4.32996873	4.32996873	0)
    (4.33168124	4.33168124	0)
    (4.33339376	4.33339376	0)
    (4.33510627	4.33510627	0)
    (4.33681878	4.33681878	0)
    (4.33853130	4.33853130	0)
    (4.34024381	4.34024381	0)
    (4.34195632	4.34195632	0)
    (4.34366884	4.34366884	0)
    (4.34538135	4.34538135	0)
    (4.34709386	4.34709386	0)
    (4.34880637	4.34880637	0)
    (4.35051888	4.35051888	0)
    (4.35223140	4.35223140	0)
    (4.35394391	4.35394391	0)
    (4.35565643	4.35565643	0)
    (4.35736894	4.35736894	0)
    (4.35908145	4.35908145	0)
    (4.36079397	4.36079397	0)
    (4.36250648	4.36250648	0)
    (4.36421899	4.36421899	0)
    (4.36593151	4.36593151	0)
    (4.36764402	4.36764402	0)
    (4.36935653	4.36935653	0)
    (4.37106905	4.37106905	0)
    (4.37278155	4.37278155	0)
    (4.37449407	4.37449407	0)
    (4.37620658	4.37620658	0)
    (4.37791910	4.37791910	0)
    (4.37963161	4.37963161	0)
    (4.38134412	4.38134412	0)
    (4.38305664	4.38305664	0)
    (4.38476915	4.38476915	0)
)
